{"b2imat": [[[1.0, 0.0, 0.0], [0.0, 1.0, 0.0], [0.0, 0.0, 1.0]], [[1.0, 0.0, 0.0], [0.0, 1.0, 0.0], [0.0, 0.0, 1.0]], [[1.0, 0.0, 0.0], [0.0, 1.0, 0.0], [0.0, 0.0, 1.0]], [[1.0, 0.0, 0.0], [0.0, 1.0, 0.0], [0.0, 0.0, 1.0]], [[1.0, 0.0, 0.0], [0.0, 1.0, 0.0], [0.0, 0.0, 1.0]], [[1.0, 0.0, 0.0], [0.0, 1.0, 0.0], [0.0, 0.0, 1.0]], [[1.0, 0.0, 0.0], [0.0, 1.0, 0.0], [0.0, 0.0, 1.0]], [[1.0, 0.0, 0.0], [0.0, 1.0, 0.0], [0.0, 0.0, 1.0]], [[1.0, 0.0, 0.0], [0.0, 1.0, 0.0], [0.0, 0.0, 1.0]], [[1.0, 0.0, 0.0], [0.0, 1.0, 0.0], [0.0, 0.0, 1.0]], [[1.0, 0.0, 0.0], [0.0, 1.0, 0.0], [0.0, 0.0, 1.0]], [[1.0, 0.0, 0.0], [0.0, 1.0, 0.0], [0.0, 0.0, 1.0]], [[1.0, 0.0, 0.0], [0.0, 1.0, 0.0], [0.0, 0.0, 1.0]], [[1.0, 0.0, 0.0], [0.0, 1.0, 0.0], [0.0, 0.0, 1.0]], [[1.0, 0.0, 0.0], [0.0, 1.0, 0.0], [0.0, 0.0, 1.0]], [[1.0, 0.0, 0.0], [0.0, 1.0, 0.0], [0.0, 0.0, 1.0]], [[1.0, 0.0, 0.0], [0.0, 1.0, 0.0], [0.0, 0.0, 1.0]], [[1.0, 0.0, 0.0], [0.0, 1.0, 0.0], [0.0, 0.0, 1.0]], [[1.0, 0.0, 0.0], [0.0, 1.0, 0.0], [0.0, 0.0, 1.0]], [[1.0, 0.0, 0.0], [0.0, 1.0, 0.0], [0.0, 0.0, 1.0]], [[1.0, 0.0, 0.0], [0.0, 1.0, 0.0], [0.0, 0.0, 1.0]], [[1.0, 0.0, 0.0], [0.0, 1.0, 0.0], [0.0, 0.0, 1.0]], [[1.0, 0.0, 0.0], [0.0, 1.0, 0.0], [0.0, 0.0, 1.0]], [[1.0, 0.0, 0.0], [0.0, 1.0, 0.0], [0.0, 0.0, 1.0]], [[1.0, 0.0, 0.0], [0.0, 1.0, 0.0], [0.0, 0.0, 1.0]], [[1.0, 0.0, 0.0], [0.0, 1.0, 0.0], [0.0, 0.0, 1.0]], [[1.0, 0.0, 0.0], [0.0, 1.0, 0.0], [0.0, 0.0, 1.0]], [[1.0, 0.0, 0.0], [0.0, 1.0, 0.0], [0.0, 0.0, 1.0]], [[1.0, 0.0, 0.0], [0.0, 1.0, 0.0], [0.0, 0.0, 1.0]], [[1.0, 0.0, 0.0], [0.0, 1.0, 0.0], [0.0, 0.0, 1.0]], [[1.0, 0.0, 0.0], [0.0, 1.0, 0.0], [0.0, 0.0, 1.0]], [[1.0, 0.0, 0.0], [0.0, 1.0, 0.0], [0.0, 0.0, 1.0]], [[1.0, 0.0, 0.0], [0.0, 1.0, 0.0], [0.0, 0.0, 1.0]], [[1.0, 0.0, 0.0], [0.0, 1.0, 0.0], [0.0, 0.0, 1.0]], [[1.0, 3.9885124021953413e-22, -3.9873657779619813e-22], [-3.9885124021953413e-22, 1.0, -5.654627469428983e-44], [3.9873657779619813e-22, -5.654627469429267e-44, 1.0]], [[1.0, 1.5340873080928261e-21, -1.5336462861010035e-21], [-1.5340873080928261e-21, 1.0, 1.0403090873238487e-42], [1.5336462861010035e-21, 1.040309087323918e-42, 1.0]], [[1.0, 5.3352436984871684e-20, -5.333709913677214e-20], [-5.3352436984871684e-20, 1.0, 1.4226960457610037e-39], [5.333709913677214e-20, 1.4226960457615057e-39, 1.0]], [[1.0, 4.6181348873567394e-18, -4.616807258151986e-18], [-4.6181348873567394e-18, 1.0, 1.06605191974519e-35], [4.616807258151986e-18, 1.0660519197493023e-35, 1.0]], [[1.0, 4.549259085492274e-16, -4.54795125643118e-16], [-4.549259085492274e-16, 1.0, 1.0344904286637062e-31], [4.54795125643118e-16, 1.034490428703104e-31, 1.0]], [[1.0, 4.542405235891537e-14, -4.541099373309821e-14], [-4.542405235891537e-14, 1.0, 1.0313756783055608e-27], [4.541099373309821e-14, 1.0313756786970878e-27, 1.0]], [[1.0, 4.541773986178073e-12, -4.540468266299084e-12], [-4.541773986178073e-12, 1.0, 1.031089030890704e-23], [4.540468266299084e-12, 1.0310890348037099e-23, 1.0]], [[1.0, 2.2408091350214213e-10, -2.2401647941567918e-10], [-2.2408091350214213e-10, 1.0, 2.509890833893532e-20], [2.2401647941567918e-10, 2.5098909008060686e-20, 1.0]], [[0.9999999999999999, 1.1959787031534308e-08, -1.1956342987891093e-08], [-1.1959787031534308e-08, 0.9999999999999999, 7.149765093777533e-17], [1.1956342987891093e-08, 7.149766487333483e-17, 0.9999999999999999]], [[0.9999999999996424, 5.981326385182833e-07, -5.979586201007127e-07], [-5.981326385182837e-07, 0.999999999999821, 1.7882915969725327e-13], [5.97958620100713e-07, 1.7882940746862661e-13, 0.9999999999998211]], [[0.9999999989024257, 3.3134856879534496e-05, -3.312445986464616e-05], [-3.313485687953461e-05, 0.9999999994510406, 5.487841822472387e-10], [3.3124459864646075e-05, 5.487900544921018e-10, 0.999999999451385]], [[0.9999996719832429, 0.0005728434316393639, -0.0005726113943800458], [-0.0005728434316417043, 0.9999998359251744, 1.6400427720188105e-07], [0.000572611394377704, 1.6401245296351535e-07, 0.9999998360580684]], [[0.9999981925208556, 0.0013447444705370765, -0.0013441046574792354], [-0.001344744470586634, 0.9999990958303372, 9.037025997331146e-07], [0.0013441046574296542, 9.037763399026302e-07, 0.9999990966905183]], [[0.999996683274638, 0.001821651727876158, -0.0018207209301007148], [-0.0018216517280236811, 0.9999983407897394, 1.6582814400503551e-06], [0.0018207209299531159, 1.6584434887596084e-06, 0.9999983424848985]], [[0.9999943243596233, 0.002383009762477176, -0.002381703804419381], [-0.0023830097628655083, 0.9999971606241778, 2.837656714567087e-06], [0.0023817038040308365, 2.8379828093166976e-06, 0.9999971637354454]], [[0.9999940524515699, 0.002439428634030784, -0.002438083145831166], [-0.0024394286344533275, 0.9999970245851209, 2.973600453517809e-06], [0.0024380831454083895, 2.9739470714129457e-06, 0.9999970278664488]], [[0.9999937703773033, 0.0024966101691592003, -0.002495224288140617], [-0.0024966101696185976, 0.9999968834591234, 3.1146267584741784e-06], [0.0024952242876809653, 3.1149949779060107e-06, 0.9999968869181797]], [[0.9999936339659802, 0.0025237985687964716, -0.002522393366830742], [-0.002523798569274186, 0.9999968152102541, 3.182827127862566e-06], [0.002522393366352762, 3.183205904656784e-06, 0.999996818755726]], [[0.999993505972569, 0.0025490455385114895, -0.0025476223291152353], [-0.0025490455390066824, 0.9999967511728716, 3.2468188355389504e-06], [0.002547622328619766, 3.2472075826760867e-06, 0.9999967547996974]], [[0.9999933486658072, 0.002579736270302552, -0.002578291085278977], [-0.0025797362708196115, 0.9999966724693208, 3.3254660315938564e-06], [0.0025782910847616278, 3.325867116796554e-06, 0.9999966761964865]], [[0.9999932041517052, 0.0026076128686906837, -0.002606147642122622], [-0.002607612869228205, 0.9999966001660103, 3.397717360297422e-06], [0.002606147641584799, 3.3981298609614493e-06, 0.9999966039856949]], [[0.9999929708052323, 0.0026520067486696395, -0.0026505094473396134], [-0.002652006749240951, 0.9999964834177423, 3.5143812765362833e-06], [0.0026505094467679795, 3.514812370185206e-06, 0.99999648738749]], [[0.9999927496563321, 0.002693404924378722, -0.002691877538310183], [-0.002693404924982909, 0.9999963727718064, 3.624946803576882e-06], [0.0026918775377056535, 3.6253956978481887e-06, 0.9999963768845257]], [[0.9999918020582652, 0.002864025381842418, -0.0028623722460792604], [-0.002864025382596752, 0.9999958986624936, 4.098706651088159e-06], [0.0028623722453244914, 4.0992337172610995e-06, 0.9999959033957716]], [[0.9999907794802214, 0.0030374156378138654, -0.003035631858757176], [-0.0030374156387468374, 0.9999953870318531, 4.609951755313744e-06], [0.0030356318578236567, 4.610566432284239e-06, 0.9999953924483684]], [[0.9999848899420484, 0.0038883833642191566, -0.0038859184759574856], [-0.003888383366501722, 0.9999924401802872, 7.554440067587958e-06], [0.003885918473673473, 7.555614846116694e-06, 0.9999924497617613]], [[0.9999506584962832, 0.0070270100384177605, -0.007021517126840036], [-0.007027010058134268, 0.999975309955767, 2.4667936372262632e-05], [0.007021517107108105, 2.4673552257975413e-05, 0.9999753485405163]], [[0.9997944998822204, 0.014342164712605548, -0.01432690882730087], [-0.014342164987683953, 0.9998971405848767, 0.00010273080254670897], [0.014326908551929547, 0.00010276919884571011, 0.9998973592973435]], [[0.9992512241462556, 0.02737925728409738, -0.027338019528341747], [-0.027379260513001408, 0.9996250477132042, 0.00037426943533175534], [0.02733801629456676, 0.00037450556768462947, 0.9996261764330376]], [[0.9979691457058583, 0.04509036818276356, -0.04499380974255841], [-0.04509039295985162, 0.9989823954862858, 0.0010148746939163053], [0.044993784912284146, 0.0010159749313228882, 0.9989867502192699]], [[0.9974204655381415, 0.05081694408999697, -0.050695691315126995], [-0.05081698636955258, 0.9987071505469298, 0.0012889306361812266], [0.05069564893441283, 0.0012905964599258404, 0.9987133149905173]], [[0.9971856450803733, 0.05307927398592521, -0.05294695380901761], [-0.05307932580940981, 0.9985893088676626, 0.001406195668645214], [0.052946901855969696, 0.001408150477453653, 0.9985963362117543]], [[0.9971319655984934, 0.053583029606297794, -0.05344812549363309], [-0.053583083812428024, 0.9985623664247703, 0.0014329999125353167], [0.05344807115063045, 0.001435025369009944, 0.9985695991726963]], [[0.9971009817979714, 0.05387165432864728, -0.05373524873213028], [-0.05387170994630658, 0.9985468145254521, 0.0014484709073680152], [0.053735192973229255, 0.0014505379703037549, 0.9985541672714497]], [[0.997069954833088, 0.05415914076444873, -0.05402122397436049], [-0.0541591978228531, 0.9985312404239237, 0.001463963142106456], [0.05402116677022498, 0.0014660724924388951, 0.9985387144080505]], [[0.9970404045119726, 0.054431534375100774, -0.054292171029181185], [-0.05443159283153275, 0.998516407023449, 0.0014787177689561837], [0.05429211242263349, 0.0014808679854374544, 0.9985239974873662]], [[0.9970116516815947, 0.05469527566512496, -0.054554497797544156], [-0.0546953355065348, 0.9985019734600082, 0.0014930739206688126], [0.054554437801647794, 0.0014952644652547048, 0.998509678220385]], [[0.9969818355166922, 0.05496743531111159, -0.05482518311847005], [-0.054967496614927565, 0.9984870056089291, 0.0015079606885603726], [0.054825121655523404, 0.0015101936528655916, 0.9984948299065147]], [[0.9969454278059542, 0.05529794755818048, -0.05515388446468155], [-0.055298010684658436, 0.9984687280612652, 0.001526138091567867], [0.055153821173243515, 0.0015284237003955281, 0.998476699743381]], [[0.9969090007839632, 0.055626672074462626, -0.055480785040660716], [-0.05562673706619095, 0.9984504400240207, 0.0015443246563139295], [0.05548071987795997, 0.001546663892226978, 0.9984585607585724]], [[0.9968742919128862, 0.05593809677472108, -0.0557904602175981], [-0.05593816358342309, 0.9984330138243565, 0.0015616529584247683], [0.05579039323202212, 0.001564044203459347, 0.9984412780870981]], [[0.9968398600951826, 0.05624533437841841, -0.056095950700246394], [-0.056245403028826677, 0.9984157259849, 0.001578842489221603], [0.05609588186693768, 0.0015812862299087996, 0.9984241341087874]], [[0.9968083391051283, 0.05652513665739944, -0.05637414314404634], [-0.05652520702891135, 0.9983998989830698, 0.0015945784303801305], [0.05637407258396205, 0.001597071036090864, 0.998408440120503]], [[0.9967824380483639, 0.05675402185342029, -0.05660169786065413], [-0.0567540936648475, 0.998386893327525, 0.0016075084855287959], [0.05660162585587984, 0.0016100418351403787, 0.9983955447192322]], [[0.9967565495710715, 0.056981878917309346, -0.05682821800050456], [-0.05698195219157197, 0.9983738935509322, 0.0016204319872488986], [0.05682814452801695, 0.0016230066053684157, 0.9983826560184798]], [[0.9967304124141223, 0.057211005997635136, -0.05705598794517511], [-0.05721108077321002, 0.9983607684506749, 0.0016334793463738569], [0.05705591296634076, 0.0016360961929017873, 0.9983696439617329]], [[0.9966962255133057, 0.057509324971328483, -0.0573525203261323], [-0.057509401748452614, 0.998343600376386, 0.0016505446027805092], [0.05735244333899265, 0.0016532175576453876, 0.9983526251351309]], [[0.9966600370671573, 0.05782343682387889, -0.05766472635897118], [-0.05782351576767129, 0.9983254262862531, 0.001668608424065116], [0.05766464719779365, 0.0016713418806333536, 0.9983346107790336]], [[0.9966247770386876, 0.058127861750274325, -0.057967279389451815], [-0.058127942853898634, 0.9983077175704647, 0.001686208249077471], [0.05796719806103851, 0.0016890017840246437, 0.9983170594662691]], [[0.9965895833823885, 0.05843013656154098, -0.05826767057300778], [-0.058430219870302474, 0.998290041299743, 0.0017037743693456263], [0.05826758703183956, 0.0017066290145436919, 0.9982995420806052]], [[0.9965554920119141, 0.05872146490796109, -0.058557159244983344], [-0.058721550401188906, 0.9982729177938142, 0.001720789743506749], [0.058557073511744745, 0.0017237047090215539, 0.9982825742159724]], [[0.996502232105074, 0.059173737426352166, -0.05900652682110405], [-0.05917382643095994, 0.9982461645099784, 0.0017473711889346177], [0.05900643756414356, 0.0017503826868725935, 0.9982560675928249]], [[0.9963841249959801, 0.06016459952240028, -0.059990802788359616], [-0.06016469676951332, 0.9981868294561206, 0.0018063118242267785], [0.059990705259358144, 0.0018095480328254834, 0.998197295537237]], [[0.996023786640207, 0.06309213168226972, -0.06289673573070365], [-0.06309225870396895, 0.9980057226143496, 0.0019860815888274584], [0.06289660831413958, 0.0019901126182326474, 0.9980180640217876]], [[0.9950898041503439, 0.07012479817256023, -0.06984836688081085], [-0.07012507351684985, 0.9975351953414983, 0.0024511463772518304], [0.06984809044573133, 0.0024590110947511983, 0.9975546087933448]], [[0.9949624724010686, 0.07107005821157453, -0.07070166430487636], [-0.07107056145521581, 0.9974681283171433, 0.0025116297476339288], [0.07070115843546279, 0.0025258296364421514, 0.9974943440333895]], [[0.9952028359562948, 0.0693794308650752, -0.06897687926769112], [-0.06938002805958945, 0.9975874398080452, 0.0023899041265462947], [0.06897627858272702, 0.0024071784565911926, 0.9976153960734703]], [[0.9953675796682326, 0.06819169184909882, -0.06777370068312101], [-0.06819233152588453, 0.9976695268600674, 0.0023067496454811463], [0.06777305705508335, 0.002325582856134737, 0.9976980527192877]], [[0.9954126771554366, 0.06786258408154353, -0.06744087659680309], [-0.06786323389312027, 0.9976920190177125, 0.002284003498621974], [0.06744022271565717, 0.0023032299471886317, 0.9977206580450982]], [[0.9954487182518299, 0.06759832760477832, -0.0671737704163553], [-0.06759898515152445, 0.9977099995606126, 0.002265829053629479], [0.06717310870725073, 0.002285362083672299, 0.9977387185956158]], [[0.9954856512013458, 0.06732638115980503, -0.06689900334295144], [-0.06732704632676476, 0.9977284294270846, 0.0022472080301021574], [0.06689833391998076, 0.0022670489499925484, 0.9977572216756239]], [[0.9955217729032595, 0.06705927260757556, -0.06662922503689264], [-0.06705994494979932, 0.9977464584480888, 0.0022289988066224124], [0.06662854834831612, 0.0022491353211922236, 0.9977753143535742]], [[0.9955769953833258, 0.06664872744542402, -0.06621475205373697], [-0.06664941026895865, 0.9977740280140805, 0.0022011654664772125], [0.06621406474784879, 0.002221744475968375, 0.9978029672631376]], [[0.9957780103111693, 0.06513132896554047, -0.06468434249518426], [-0.06513204568975652, 0.9978744445541723, 0.002099887621661556], [0.06468362081021145, 0.0021220016349714197, 0.9979035656344819]], [[0.9966766465645537, 0.05784544446889835, -0.0573547447320524], [-0.057846256822904084, 0.9983241439495458, 0.0016474759790221002], [0.05735392541632977, 0.0016757564615910818, 0.9983525024147296]], [[0.9977200711028932, 0.047983834981786086, -0.04745746825430998], [-0.04798467229695617, 0.9988474416689936, 0.0011222713518752178], [0.04745662163725779, 0.0011575184121212102, 0.9988726291229573]], [[0.9979719818867558, 0.04527720987777605, -0.04474257065616369], [-0.04527804015994447, 0.9989739277163765, 0.0009953990711283754], [0.04474173043717058, 0.0010324755301378847, 0.9989980538263655]], [[0.9979822301083285, 0.04516366454603133, -0.04462859830868543], [-0.045164494504652444, 0.9989790727881126, 0.0009902346502562481], [0.044627758383809356, 0.001027391501360866, 0.9990031569747104]], [[0.9979917277329807, 0.04505818754283583, -0.044522703265994897], [-0.04505901721382553, 0.9989838406387135, 0.0009854479033287284], [0.044521863600722876, 0.0010226804001258216, 0.9990078867473552]], [[0.9980001985694154, 0.04496391373297915, -0.04442803294585317], [-0.044964743162632374, 0.9989880926012374, 0.0009811780574883273], [0.04442719349613602, 0.001018479197317146, 0.999012105619987]], [[0.998027119460338, 0.04466309900076967, -0.04412568870357637], [-0.04466392787425668, 0.9990016002443747, 0.0009676017477764767], [0.0441248497194118, 0.0010051337954314853, 0.9990255188634528]], [[0.9980448505479006, 0.04446426545901084, -0.043924997282032675], [-0.044465094742707045, 0.9990104786012524, 0.000958640463974798], [0.04392415780135172, 0.0009963629900130403, 0.9990343715905537]], [[0.9979958037638785, 0.045017301620726424, -0.04447266822112882], [-0.04501813988291513, 0.9989856857879769, 0.0009831934365132876], [0.0444718196771882, 0.0010208538779025813, 0.9990101176209697]], [[0.997722414769233, 0.0479732905104362, -0.047418840758842604], [-0.04797415649049141, 0.9988479488114591, 0.0011204736982857164], [0.04741796463722393, 0.0011569571660929455, 0.9988744656246344]], [[0.9965234764784904, 0.05920879238569284, -0.0586112594529378], [-0.059209741436112615, 0.9982440789756315, 0.0017220077839136374], [0.05861030071156733, 0.0017543363325005638, 0.998279397241121]], [[0.9963057232143238, 0.061027168679723624, -0.060420117316403406], [-0.06102813114511524, 0.9981343667646034, 0.0018311455443817595], [0.06041914516546884, 0.0018629460558786145, 0.9981713561964352]], [[0.996225396199433, 0.06168441818995132, -0.061073664725957474], [-0.06168538575235829, 0.9980938889029909, 0.0018713953972919022], [0.06107268747217698, 0.001903020945213603, 0.9981315070459262]], [[0.9961452693848525, 0.06233313624835738, -0.061718574277376696], [-0.06233410902276564, 0.998053508020418, 0.001911539202199936], [0.061717591801092715, 0.00194300160261614, 0.9980917611164867]], [[0.9957013636910006, 0.06581189375782513, -0.06517352980487312], [-0.06581289966092237, 0.9978296994354077, 0.0021338145596464645], [0.06517251403344283, 0.0021646169090244346, 0.9978716640178866]], [[0.9953139639596535, 0.06870627633097957, -0.06804087552894467], [-0.06870732431088734, 0.9976341444352018, 0.0023275404764888257], [0.0680398172840933, 0.002358272961886853, 0.9976798192877766]], [[0.9950304475463232, 0.0707540616172844, -0.07005905525879505], [-0.07075516456949436, 0.9974906570847702, 0.0024689505960286797], [0.0700579413474385, 0.002500358966216313, 0.997539790214318]], [[0.9948869215084339, 0.07178584490796859, -0.07104087473865238], [-0.0717870650707672, 0.9974167481085983, 0.002539267944134536], [0.07103964175943767, 0.0025735314290664846, 0.9974701731055877]], [[0.9950464570814913, 0.07068332433444294, -0.06990290345772143], [-0.0706846438269369, 0.997495684402671, 0.0024577887938309205], [0.06990156920875691, 0.0024954478012139186, 0.9975507723233906]], [[0.9951263193123381, 0.07012042649801624, -0.06933061661943064], [-0.07012177371105438, 0.9975355099033826, 0.002417298918906273], [0.0693292540325499, 0.002456068033378857, 0.9975908090322775]], [[0.9951774182473331, 0.06975739633892125, -0.06896239459156768], [-0.0697587590012754, 0.9975610240251753, 0.002391419890914163], [0.06896101619313906, 0.002430843990870905, 0.9976163938326545]], [[0.9952275160773574, 0.06939936431869376, -0.06859970463398782], [-0.06940074087406703, 0.9975860558947995, 0.002366062348608642], [0.06859831200430326, 0.002406099970643137, 0.9976414597808473]], [[0.9956074483583549, 0.06661579499249198, -0.06578863604072302], [-0.06661725225443901, 0.997776235144977, 0.0021740015253880513], [0.06578716042396769, 0.0022182060505742235, 0.9978312127237934]], [[0.9965790627057595, 0.05887367820272366, -0.05800053270626217], [-0.05887524008725194, 0.9982639291745405, 0.0016833939330919499], [0.0579989472662778, 0.0017371601388551808, 0.9983151328072803]], [[0.997117127039791, 0.05409980510634021, -0.053203816149040725], [-0.05410138503624701, 0.9985344498694451, 0.001411581332290611], [0.053202209564309016, 0.0014708882195143549, 0.9985826762897508]], [[0.9971007426090794, 0.054258580535856575, -0.05334899742489556], [-0.054260180404368655, 0.9985258223565012, 0.0014194751131912718], [0.053347370230339364, 0.001479366535396187, 0.9985749193545317]], [[0.9966875600119347, 0.057967303322527836, -0.05704120845032282], [-0.057968942834942465, 0.9983170606231069, 0.0016273090469061159], [0.05703954227164066, 0.0016846998692949808, 0.9983704985640361]], [[0.9956563083092383, 0.06631718769850649, -0.065349417294851], [-0.06631889215705554, 0.997796172076777, 0.0021455844292344707], [0.06534768754957075, 0.002197636285627888, 0.9978601355536391]], [[0.9948246902602708, 0.07235724229402585, -0.07133207647451888], [-0.07235903143017369, 0.9973753580335433, 0.002562373314961701], [0.07133026157985176, 0.002612407725208031, 0.9974493315992442]], [[0.9946619125903515, 0.07350362416495682, -0.07242166025860095], [-0.07350554929646369, 0.9972913078947494, 0.002642237537177429], [0.07241970631410041, 0.0026952608770776996, 0.9973706039908534]], [[0.995104439964323, 0.07044743949358669, -0.0693131432728101], [-0.07044953310335221, 0.9975124158754839, 0.0024173247527159475], [0.06931101533724136, 0.002477587988097649, 0.9975920231786979]], [[0.9954309991249412, 0.06809175352301135, -0.06693757600595468], [-0.06809391273577453, 0.9976763741951251, 0.0022519814357456892], [0.06693537949189639, 0.0023163493295635267, 0.9977546238916388]], [[0.9956073481265055, 0.06678326744630396, -0.06562014586979235], [-0.06678545417043125, 0.9977650152669191, 0.0021627343432347435], [0.0656179203116541, 0.0022292370413388874, 0.9978423317515014]], [[0.9957655620489165, 0.0655862406622009, -0.06441576260105532], [-0.06558844831425828, 0.9978445860523237, 0.002082674477688725], [0.06441351475741323, 0.0021510743950071062, 0.9979209748244748]], [[0.9961908029319346, 0.0622513057532073, -0.06106274710580151], [-0.06225355485016357, 0.9980586192329745, 0.0018674802451734078], [0.06106045414672264, 0.0019410064322244133, 0.998132182344857]], [[0.9965278049044674, 0.05947535405882215, -0.058266768463842565], [-0.059477633000959734, 0.9982281965710339, 0.0016966852598594238], [0.0582644421602439, 0.001774775435544229, 0.9982996068062642]], [[0.9962727409927554, 0.06160440201126483, -0.06037816826954978], [-0.061606716948398504, 0.9980988337170363, 0.001824981523648935], [0.06037580622725859, 0.0019015213796334477, 0.998173905808398]], [[0.9954076448822073, 0.06831682012863965, -0.06705544420647834], [-0.06831918677769254, 0.9976609537158445, 0.002260563858864012], [0.06705303295341503, 0.002330990870266181, 0.9977466899235189]], [[0.9946294023693653, 0.07383772720618162, -0.07252821507000494], [-0.07384015396564281, 0.9972665647781547, 0.0026514971039854705], [0.07252574441221207, 0.0027182375887734745, 0.99736283647464]], [[0.9943877348980147, 0.07549021520983643, -0.07412327629160301], [-0.07549277472748196, 0.9971424979696122, 0.0027712280735343034], [0.07412066948277217, 0.002840096594101131, 0.9972452357393483]], [[0.9947725334834356, 0.07291101960247963, -0.071495383378598], [-0.07291374905425152, 0.9973349255854943, 0.002575151407227487], [0.07149259977633678, 0.002651306554244309, 0.9974376064442408]], [[0.9954945434614594, 0.06777065433856258, -0.06631555131558085], [-0.06777352583344455, 0.9976982858311009, 0.002208991736948556], [0.06631261668694542, 0.002295399510909198, 0.997796255759569]], [[0.9957523892959558, 0.0658336325023105, -0.0643670104964085], [-0.06583653622055327, 0.9978282574601107, 0.00207824717075153], [0.0643640404820407, 0.0021682814334829693, 0.9979241298049905]], [[0.9958104133932185, 0.06538967762150322, -0.06392034602129364], [-0.06539258786781327, 0.9978575107731773, 0.002048815319310105], [0.06391736874180845, 0.0021396852150007543, 0.9979529005513739]], [[0.9958622675281622, 0.06499036395989587, -0.0635184752912584], [-0.06499328000237059, 0.9978836520457077, 0.0020225066522429514], [0.0635154915394611, 0.0021141359904857915, 0.9979786133791196]], [[0.9959941306707643, 0.06396436478610185, -0.06248401158853414], [-0.0639672980699708, 0.9979500792482127, 0.001955531850102411], [0.0624810086691392, 0.0020492351502012446, 0.9980440492230697]], [[0.9959235247901232, 0.06452600291071371, -0.06302957809829816], [-0.0645289677268005, 0.9979138486434084, 0.0019907306448562535], [0.06302654274983202, 0.002084618131573159, 0.9980096739384995]], [[0.9954497553853314, 0.06813305278200596, -0.06661585111393219], [-0.06813605020056823, 0.9976735474730415, 0.0022296489742271767], [0.0666127852900237, 0.0023194374507903986, 0.997776205892202]], [[0.9952342133057877, 0.06971132417220237, -0.06818498328454273], [-0.06971433137236253, 0.9975642557334937, 0.002338307745146532], [0.0681819086316865, 0.002426306651237405, 0.9976699556317186]], [[0.9951835145100048, 0.07007736380456395, -0.06854878210051084], [-0.07008037315546106, 0.997538547360048, 0.0023638587357272846], [0.06854570550845483, 0.00245145098565747, 0.9976449652272265]], [[0.9951556287846277, 0.070277880584323, -0.06874804722021699], [-0.07028089110788908, 0.9975244066600526, 0.0023779111667507086], [0.0687449695694059, 0.0024652823393498356, 0.9976312202115116]], [[0.9951462868169344, 0.07034492744188947, -0.0688146715127547], [-0.07034793835736745, 0.99751966932798, 0.0023826186416200995], [0.06881159350778772, 0.0024699161766802463, 0.9976266155791054]], [[0.9951377820160043, 0.07040591039387636, -0.0688752683016343], [-0.07040892166589457, 0.9975153564919527, 0.0023869041674130656], [0.06887218997431792, 0.0024741348526505853, 0.9976224236171184]], [[0.9951244655482766, 0.07050128892642063, -0.0689700393266198], [-0.07050430075642572, 0.9975086035645998, 0.0023936140823850502], [0.06896696049449727, 0.0024807404625318014, 0.9976158600812884]], [[0.9951189423567569, 0.07054081064465692, -0.06900930802514557], [-0.07054382270606538, 0.9975058026689048, 0.002396397046624908], [0.06900622898354855, 0.0024834802970174316, 0.9976131377873415]], [[0.9951134159047189, 0.07058033353432948, -0.06904857712053196], [-0.07058334582729581, 0.9975030001049284, 0.0023991816140723344], [0.06904549786924245, 0.0024862217875534372, 0.9976104139011542]], [[0.9950971952785923, 0.0706962091031766, -0.06916370410023107], [-0.0706992220761199, 0.9974947742428854, 0.002407354334639564], [0.06916062423269347, 0.002494268530475232, 0.9976024191425474]], [[0.9950809529711552, 0.0708120496284588, -0.06927878938881359], [-0.07081506328327512, 0.9974865372470336, 0.002415537628304845], [0.06927570890253378, 0.002502326370773799, 0.9975944138364079]], [[0.9950614939788287, 0.07095058285354644, -0.06941641009954928], [-0.07095359732747344, 0.9974766687726431, 0.0024253410992186313], [0.06941332886886693, 0.0025119804736529806, 0.9975848233249458]], [[0.9950404495892085, 0.07110009962772297, -0.06956493018740954], [-0.0711031149914269, 0.9974659960222116, 0.0024359427044021386], [0.06956184814657514, 0.0025224217078516557, 0.9975744516926952]], [[0.9950172700933493, 0.07126442386296411, -0.06972814428338067], [-0.07126744021316628, 0.9974542401156494, 0.002447619190363209], [0.06972506134229564, 0.0025339229899951185, 0.9975630281109634]], [[0.9949875381192477, 0.07147464891504536, -0.06993692549444143], [-0.07147766654369966, 0.9974391604548462, 0.0024625952824712297], [0.06993384138320789, 0.00254867662322068, 0.9975483758072485]], [[0.9949438996800101, 0.07178209276359475, -0.07024220701087085], [-0.0717851123042693, 0.997417026395725, 0.002484573665406424], [0.07023912114158858, 0.0025703333082009255, 0.9975268714409466]], [[0.9948705564101582, 0.07229589173585378, -0.07075224395031798], [-0.0722989146254214, 0.9973798218087483, 0.0025215058321227187], [0.07074915497639234, 0.0026067385358531977, 0.9974907327805873]], [[0.994720204294144, 0.07333806340437589, -0.07178609630602206], [-0.07334109403455177, 0.997303533813095, 0.0025971847554194525], [0.07178300002491342, 0.0026813986901804542, 0.9974166687033601]], [[0.9946297371706444, 0.07395821884954071, -0.07240074445890311], [-0.07396125504852076, 0.9972576141123412, 0.0026426966406159864], [0.07239764281554727, 0.0027263452626777123, 0.9973721213043214]], [[0.9945500003810177, 0.07450068833100983, -0.07293794744896843], [-0.07450373031751402, 0.9972171262055791, 0.0026827914542385434], [0.0729348401563878, 0.00276597892594345, 0.9973328724406733]], [[0.9943971580236519, 0.07553026111100138, -0.07395587717506406], [-0.07553331792035535, 0.9971394599581536, 0.0027595791762458554], [0.07395275516281788, 0.0028420150936704467, 0.9972576963618062]], [[0.9941485121120601, 0.07718120047433524, -0.07557643916217768], [-0.07718431293189122, 0.9970126700263716, 0.0028840324250772797], [0.0755732604849474, 0.002966158987439826, 0.9971358403945484]], [[0.9941248974128999, 0.07733767878506914, -0.0757269554494674], [-0.07734080542833473, 0.9970005088067266, 0.0028957302595689245], [0.0757237621701707, 0.0029780661810098223, 0.9971243869063797]], [[0.9941094436251804, 0.07744094237398798, -0.0758242344978161], [-0.07744408437620752, 0.9969924696922906, 0.002903303447699422], [0.07582102536949717, 0.0029859370402844625, 0.9971169722207702]], [[0.9941021368066296, 0.07749138659540544, -0.07586848224217622], [-0.0774945456768001, 0.9969885386424886, 0.002906751584310578], [0.07586525545041212, 0.002989785602558408, 0.9971135964353817]], [[0.9941147090905758, 0.07741611833137005, -0.07578053701301088], [-0.0774193159910722, 0.9969944032421856, 0.0028998989886557707], [0.07577727019991855, 0.0029840451026255797, 0.9971203040730244]], [[0.994255042199791, 0.0765127296214372, -0.07485127429700855], [-0.07651601963942367, 0.9970643416583735, 0.0028279552339683556], [0.07484791110343993, 0.0029156128247990938, 0.997190698614921]], [[0.9947028067908875, 0.07352910817752802, -0.07183172286881807], [-0.07353254499320531, 0.997289428419378, 0.0026001516302954207], [0.07182820467272927, 0.0026955912703768158, 0.9974133760882817]], [[0.9948639035774828, 0.07242274413574694, -0.0707160483043013], [-0.07242621889327054, 0.9973705935929594, 0.002518303313664114], [0.07071248951035564, 0.0026163269300531725, 0.9974933075761819]], [[0.9950161838818986, 0.07136031546898428, -0.06964552524481267], [-0.07136382181800194, 0.9974473653853445, 0.002440946556453945], [0.06964193238263294, 0.002541389527652206, 0.9975688159680565]], [[0.9951515824823095, 0.07040162619300613, -0.06867997459005445], [-0.0704051577390993, 0.9975156573165781, 0.0023721658322262665], [0.06867635432987683, 0.002474759864002383, 0.9976359225279537]], [[0.9954043517886622, 0.06857494991374873, -0.06684050180746641], [-0.06857852303688014, 0.9976431986675989, 0.0022437310643580047], [0.06683683576911105, 0.002350403228617951, 0.9977611502697745]], [[0.9954357022383916, 0.06834493545780873, -0.06660880199929886], [-0.06834851344801601, 0.9976590187219224, 0.0022277950947943268], [0.06660513055283483, 0.002334985825898829, 0.9977766806374363]], [[0.995465337288723, 0.06812679602073295, -0.0663890195585994], [-0.06813037861468332, 0.9976739724680407, 0.0022127287195485355], [0.06638534298941677, 0.0023204142985745134, 0.997791361915049]], [[0.9954973613696115, 0.06789029641600025, -0.06615067011030537], [-0.06789388402935283, 0.9976901303219164, 0.002196444484462244], [0.06614698795034867, 0.002304671237579395, 0.997807228112831]], [[0.9955383388552596, 0.06758651301181866, -0.06584435530527549], [-0.06759010722295263, 0.9977108018689385, 0.0021756006887051023], [0.06584066579442996, 0.002284533140787268, 0.9978275340131193]], [[0.9956226077916707, 0.06695796106292438, -0.06520931146517449], [-0.06696157093961355, 0.9977532759443285, 0.002132688065944243], [0.06520560458093533, 0.002243165483100738, 0.9978693287893349]], [[0.9956587697714682, 0.06668735956920714, -0.06493389136812211], [-0.0666909802004636, 0.997771438410336, 0.002114202260257445], [0.06493017275828808, 0.0022254808433981115, 0.9978873282586678]], [[0.9956648061894038, 0.06664248006304539, -0.06488739141171286], [-0.06664610419971112, 0.9977744434983027, 0.0021110886718828767], [0.06488366904061019, 0.002222555157257155, 0.9978903595781599]], [[0.9956675455395176, 0.06662253613532315, -0.06486583411599119], [-0.06662616372007696, 0.9977757782692119, 0.0021096459278177097], [0.06486210808022805, 0.002221255702067292, 0.9978917641493603]], [[0.9956671328535881, 0.0666263955898629, -0.06486820456257184], [-0.06663002632402339, 0.9977755200021304, 0.002109804556117349], [0.06486447521200242, 0.0022215071256491046, 0.9978916097253198]], [[0.9956630263309753, 0.06665834805884546, -0.06489840235986279], [-0.0666619824662893, 0.997773381226329, 0.002111825885287378], [0.06489466918369279, 0.0022235892094976464, 0.9978896419751004]], [[0.9956492140041477, 0.06676413454013604, -0.0650014845167604], [-0.06676777452592579, 0.9977662929032937, 0.0021187330178315616], [0.06499774561576055, 0.002230489599500495, 0.9978829179716642]], [[0.9955822692702442, 0.0672712641830218, -0.06550207727456825], [-0.0672749171089899, 0.9977321547219173, 0.0021524313382694673], [0.06549832547511361, 0.0022637243442335335, 0.9978501114449393]], [[0.9955399730514982, 0.06758909023653346, -0.06581699579116596], [-0.06759274857653641, 0.9977106269337345, 0.0021737621974470423], [0.06581323874301973, 0.002284684490431455, 0.997829343034951]], [[0.9954927642201672, 0.06794185984183161, -0.06616691064178525], [-0.06794552323656469, 0.9976866123699776, 0.002197582434159078], [0.06616314876692682, 0.002308067953843372, 0.9978061487915347]], [[0.9953999669551913, 0.06862963074230914, -0.06684967888578766], [-0.06863330229373932, 0.9976394300480936, 0.0022444215955098206], [0.06684590936784976, 0.00235401703852659, 0.9977605338973856]], [[0.9952637268561189, 0.06962656090490901, -0.06783992938070164], [-0.06963024188857159, 0.9975701872634597, 0.0023132004695462253], [0.06783615124962912, 0.00242146617351879, 0.9976935366553381]], [[0.995128555426205, 0.0706014050377757, -0.06880842811313988], [-0.07060509352898925, 0.9975015035194782, 0.002381437143916753], [0.0688046433060432, 0.0024883893989696214, 0.9976270490400487]], [[0.9950191309478914, 0.07138064506866751, -0.0695825592705418], [-0.0713843387317941, 0.9974459077210523, 0.0024366684381611145], [0.06957876995809847, 0.0025425732703691847, 0.9975732204158807]], [[0.9949135396452106, 0.0721245077857593, -0.07032143346558346], [-0.07212820590279644, 0.9973922608650501, 0.0024899555166576757], [0.07031764032756142, 0.00259486837707132, 0.9975212760214681]], [[0.9945886166794624, 0.07436656341206543, -0.07254721094065136], [-0.07437027374084433, 0.9972271654205405, 0.0026538518710008544], [0.07254340736896736, 0.0027558650768629536, 0.9973614486501906]], [[0.9944709740898559, 0.07516185664332178, -0.07333605522563129], [-0.07516557155749633, 0.9971673759369492, 0.0027131564977573097], [0.07333224763064984, 0.0028141911229466357, 0.9973035955938339]], [[0.9943581795310922, 0.07591663619314404, -0.07408424357503343], [-0.07592035604002331, 0.9971100373926124, 0.0027699942935706058], [0.07408043153035164, 0.0028701356674288494, 0.9972481396243145]], [[0.9941786875070181, 0.0771028316178057, -0.07525882447058159], [-0.07710656142582115, 0.9970187542821998, 0.00286038343298686], [0.0752550030846025, 0.0029592169260252185, 0.9971599307756756]], [[0.9940434220405927, 0.07798532321170457, -0.07613123182208952], [-0.07798906363073986, 0.9969499135901079, 0.0029284373655383052], [0.07612740012100191, 0.003026409584111202, 0.9970935060436784]], [[0.9939729206331949, 0.07844163475091932, -0.07658160995222367], [-0.0784453824894545, 0.9969140070225894, 0.0029638770174814782], [0.0765777710001688, 0.0030614601902196267, 0.9970589112227914]], [[0.9939079701696353, 0.07885994659827088, -0.07699386763338988], [-0.07886370273625817, 0.9968809043077841, 0.0029965006171583423], [0.07699002027118289, 0.0030937756448654583, 0.9970270634890164]], [[0.9938195983129225, 0.07942619820339356, -0.07755053220611254], [-0.07942996974081568, 0.9968358105795833, 0.003040830782070429], [0.07754666926096254, 0.003137799201463781, 0.9969837853753346]], [[0.9937117811918206, 0.0801137057717864, -0.07822205613154115], [-0.08011750921117787, 0.9967806214625023, 0.003094736394494642], [0.07821816052382669, 0.0031916802890664298, 0.9969311573723787]], [[0.9936889251706095, 0.08025940311385113, -0.07836292619882403], [-0.08026321779893955, 0.9967688638709693, 0.0031061044193780147], [0.07835901900351959, 0.00320315905222186, 0.9969200589372859]], [[0.9936738217134136, 0.08035587718412111, -0.07845552269142503], [-0.08035970145604296, 0.9967610666296948, 0.003113588260493865], [0.07845160559676177, 0.003210771236336604, 0.9969127527150946]], [[0.9936626520515184, 0.08042746738667177, -0.0785236041268102], [-0.08043130076048129, 0.9967552744246015, 0.003119096574551142], [0.07851967761825764, 0.0032164258473699895, 0.9969073752511427]], [[0.9936510985433479, 0.0805020594350402, -0.0785933380616337], [-0.08050590608081908, 0.9967492337901076, 0.0031247437761803684], [0.0785893978031342, 0.003222322808022677, 0.9969018623652436]], [[0.9936416118158592, 0.08056648222471514, -0.07864724538895898], [-0.08057036024260673, 0.9967440121218899, 0.003129113015121838], [0.07864327253944228, 0.0032274199945002955, 0.9968975972701989]], [[0.9936496295593714, 0.08052069000018992, -0.07859282509092307], [-0.08052459640353053, 0.9967477241575766, 0.003124701500495319], [0.07858882266536113, 0.0032237970335318804, 0.9969019029389946]], [[0.9936634146018756, 0.08043749457157319, -0.07850368109932415], [-0.08044142188154069, 0.9967544627218844, 0.0031174811002845815], [0.07849965684493268, 0.0032172208168218925, 0.9969089493850847]], [[0.9936831320567688, 0.08031697066020048, -0.07837740291164047], [-0.08032091918626828, 0.9967642122575437, 0.003107266064947137], [0.07837335646938978, 0.003207707171067896, 0.996918917269131]], [[0.9937166412788512, 0.0801104271878201, -0.07816365075032675], [-0.08011440359477863, 0.9967808857365608, 0.003090010617698248], [0.07815957509791714, 0.003191439291440718, 0.9969357529622417]], [[0.9938413969442977, 0.07933201191333501, -0.07736736781708758], [-0.0793360629135731, 0.9968433335607991, 0.003026128796703789], [0.07736321372936601, 0.0031305302912672597, 0.9969980606501648]], [[0.9943099187369286, 0.07632046548495998, -0.07431670099689473], [-0.07632469533519733, 0.9970791202245468, 0.0027872734085503206], [0.07431235685195348, 0.002900785966781772, 0.9972307952819167]], [[0.9946703297064574, 0.0739132021863926, -0.07188722933693704], [-0.07391753004572055, 0.9972609584259515, 0.002603756922956531], [0.07188277923903527, 0.00272384667861397, 0.997409367665486]], [[0.9949836721759987, 0.07175211357249829, -0.06970743359629993], [-0.07175651253718582, 0.9974191841854284, 0.0024441616549108892], [0.06970290531393866, 0.002570061395223916, 0.9975644840179211]], [[0.9952146306400166, 0.07011711757284603, -0.06805460146708546], [-0.07012157060459676, 0.9975357404623482, 0.002326335097687552], [0.06805001317790205, 0.0024568928179957163, 0.9976788859061194]], [[0.9952771148752824, 0.0696718639543351, -0.06759656778397938], [-0.06967634871789287, 0.9975670118975405, 0.0022941669428284506], [0.06759194502592769, 0.002426550174393172, 0.9977100985860421]], [[0.9952758482039141, 0.06968228015178903, -0.06760448071199428], [-0.06968677064096607, 0.9975662826359927, 0.0022947209518685116], [0.06759985190164362, 0.0024272576011606264, 0.997709561166034]], [[0.9952699822316349, 0.06972602907372497, -0.06764571927153096], [-0.06973052516368772, 0.9975632184732572, 0.002297609296520235], [0.06764108460506064, 0.0024302299674008056, 0.9977067593508944]], [[0.9952525974177805, 0.06985373583854529, -0.06776963125229109], [-0.06985824012610871, 0.9975542628202594, 0.0023062988571345006], [0.0677649881366156, 0.0024389172465401204, 0.9976983301901511]], [[0.9952002919997042, 0.07023417485719995, -0.06814352121327194], [-0.07023869247896827, 0.997527485829291, 0.0023326150015411324], [0.06813886468132742, 0.002464892701520794, 0.9976728017855437]], [[0.9951500358272536, 0.0705968845212755, -0.06850172323684621], [-0.07060141065038696, 0.9975018199625121, 0.002357961928913848], [0.06849705836532803, 0.0024897923957101927, 0.9976482115093628]], [[0.9950940001536543, 0.07099870976842232, -0.06889930382035943], [-0.07100324334992122, 0.9974732303403506, 0.002386249564531116], [0.06889463179016689, 0.0025175314125073325, 0.9976207654939785]], [[0.9949936823372106, 0.07171188594708133, -0.06960587274406269], [-0.0717164299699978, 0.9974220847190409, 0.0024369213953