{"b2imat": [[[1.0, 0.0, -2.220446049250313e-16], [0.0, 1.0, 0.0], [2.220446049250313e-16, 0.0, 1.0]], [[1.0, 0.0, -2.220446049250313e-16], [0.0, 1.0, 0.0], [2.220446049250313e-16, 0.0, 1.0]], [[1.0, 0.0, -2.220446049250313e-16], [0.0, 1.0, 0.0], [2.220446049250313e-16, 0.0, 1.0]], [[1.0, 0.0, -2.220446049250313e-16], [0.0, 1.0, 0.0], [2.220446049250313e-16, 0.0, 1.0]], [[1.0, 0.0, -2.220446049250313e-16], [0.0, 1.0, 0.0], [2.220446049250313e-16, 0.0, 1.0]], [[1.0, 0.0, -2.220446049250313e-16], [0.0, 1.0, 0.0], [2.220446049250313e-16, 0.0, 1.0]], [[1.0, 0.0, -2.220446049250313e-16], [0.0, 1.0, 0.0], [2.220446049250313e-16, 0.0, 1.0]], [[1.0, 0.0, -2.220446049250313e-16], [0.0, 1.0, 0.0], [2.220446049250313e-16, 0.0, 1.0]], [[1.0, 0.0, -2.220446049250313e-16], [0.0, 1.0, 0.0], [2.220446049250313e-16, 0.0, 1.0]], [[1.0, 0.0, -2.220446049250313e-16], [0.0, 1.0, 0.0], [2.220446049250313e-16, 0.0, 1.0]], [[1.0, 0.0, -2.220446049250313e-16], [0.0, 1.0, 0.0], [2.220446049250313e-16, 0.0, 1.0]], [[1.0, 0.0, -2.220446049250313e-16], [0.0, 1.0, 0.0], [2.220446049250313e-16, 0.0, 1.0]], [[1.0, 0.0, -2.220446049250313e-16], [0.0, 1.0, 0.0], [2.220446049250313e-16, 0.0, 1.0]], [[1.0, 0.0, -2.220446049250313e-16], [0.0, 1.0, 0.0], [2.220446049250313e-16, 0.0, 1.0]], [[1.0, 0.0, -2.220446049250313e-16], [0.0, 1.0, 0.0], [2.220446049250313e-16, 0.0, 1.0]], [[1.0, 0.0, -2.220446049250313e-16], [0.0, 1.0, 0.0], [2.220446049250313e-16, 0.0, 1.0]], [[1.0, 0.0, -2.220446049250313e-16], [0.0, 1.0, 0.0], [2.220446049250313e-16, 0.0, 1.0]], [[1.0, 0.0, -2.220446049250313e-16], [0.0, 1.0, 0.0], [2.220446049250313e-16, 0.0, 1.0]], [[1.0, 0.0, -2.220446049250313e-16], [0.0, 1.0, 0.0], [2.220446049250313e-16, 0.0, 1.0]], [[1.0, 0.0, -2.220446049250313e-16], [0.0, 1.0, 0.0], [2.220446049250313e-16, 0.0, 1.0]], [[1.0, 0.0, -2.220446049250313e-16], [0.0, 1.0, 0.0], [2.220446049250313e-16, 0.0, 1.0]], [[1.0, 0.0, -2.220446049250313e-16], [0.0, 1.0, 0.0], [2.220446049250313e-16, 0.0, 1.0]], [[1.0, 0.0, -2.220446049250313e-16], [0.0, 1.0, 0.0], [2.220446049250313e-16, 0.0, 1.0]], [[1.0, 0.0, -2.220446049250313e-16], [0.0, 1.0, 0.0], [2.220446049250313e-16, 0.0, 1.0]], [[1.0, 0.0, -2.220446049250313e-16], [0.0, 1.0, 0.0], [2.220446049250313e-16, 0.0, 1.0]], [[1.0, 0.0, -2.220446049250313e-16], [0.0, 1.0, 0.0], [2.220446049250313e-16, 0.0, 1.0]], [[1.0, 0.0, -2.220446049250313e-16], [0.0, 1.0, 0.0], [2.220446049250313e-16, 0.0, 1.0]], [[1.0, 0.0, -2.220446049250313e-16], [0.0, 1.0, 0.0], [2.220446049250313e-16, 0.0, 1.0]], [[1.0, 0.0, -2.220446049250313e-16], [0.0, 1.0, 0.0], [2.220446049250313e-16, 0.0, 1.0]], [[1.0, 0.0, -2.220446049250313e-16], [0.0, 1.0, 0.0], [2.220446049250313e-16, 0.0, 1.0]], [[1.0, 0.0, -2.220446049250313e-16], [0.0, 1.0, 0.0], [2.220446049250313e-16, 0.0, 1.0]], [[1.0, 3.6307051358752117e-25, -2.220485867428057e-16], [-3.6307051358752117e-25, 1.0, -5.1401918795331105e-46], [2.220485867428057e-16, 8.061733473028482e-41, 1.0]], [[1.0, 1.3990737187850149e-24, -2.2205994865680877e-16], [-1.3990737187850149e-24, 1.0, 9.496646420682389e-45], [2.2205994865680877e-16, 3.1066626779507335e-40, 1.0]], [[1.0, 4.873543510520723e-23, -2.2257908956490996e-16], [-4.873543510520723e-23, 1.0, 1.3022933752700053e-41], [2.2257908956490996e-16, 1.083446336779542e-38, 1.0]], [[1.0, 4.219733658443638e-21, -2.6832267509022454e-16], [-4.219733658443638e-21, 1.0, 9.764055481844623e-38], [2.6832267509022454e-16, 1.0346096661105864e-36, 1.0]], [[1.0, 4.156948537036044e-19, -4.780975812063192e-15], [-4.156948537036044e-19, 1.0, 9.475612420431103e-34], [4.780975812063192e-15, 1.0398657986543508e-33, 1.0]], [[1.0, 3.719546895731911e-17, -4.0812927735827586e-13], [-3.719546895731911e-17, 1.0, 7.586083900626107e-30], [4.0812927735827586e-13, 7.594475965458523e-30, 1.0]], [[1.0, 1.8091864087273614e-15, -1.9835622818079276e-11], [-1.8091864087273614e-15, 1.0, 1.7941871992725655e-26], [1.9835622818079276e-11, 1.7944467218272716e-26, 1.0]], [[1.0, 9.845892130602236e-14, -1.077376559187451e-09], [-9.845892130602236e-14, 1.0, 5.301478051609978e-23], [1.077376559187451e-09, 5.30625533385334e-23, 1.0]], [[0.999999999999995, 9.331679924842386e-12, -1.0014833355628375e-07], [-9.33167992484238e-12, 1.0, 4.652629014417148e-19], [1.0014833355628375e-07, 4.692892923831775e-19, 0.999999999999995]], [[0.9999999999926111, 4.0007434179940475e-10, -3.8441847375829564e-06], [-4.0007434179948013e-10, 1.0, 7.493168010603849e-16], [3.8441847375829564e-06, 7.886428757075058e-16, 0.9999999999926111]], [[0.999999998599341, 7.693350840374102e-09, -5.292747872341003e-05], [-7.693350841263734e-09, 1.0, 1.8678637970378725e-13], [5.292747872341003e-05, 2.2040328250403817e-13, 0.999999998599341]], [[0.9999999426951741, 8.900264821828748e-08, -0.000338540456595187], [-8.900264903477286e-08, 0.9999999999999961, 1.2653718101182349e-11], [0.0003385404565951864, 1.747727990704491e-11, 0.9999999426951781]], [[0.9999998515955413, 1.793541943855794e-07, -0.0005448016734154387], [-1.7935419925916684e-07, 0.999999999999984, 3.991061938398948e-11], [0.0005448016734154366, 5.780185426683003e-11, 0.9999998515955575]], [[0.9999998238964929, 2.0416435508047762e-07, -0.0005934702533607783], [-2.041643618132469e-07, 0.9999999999999792, 4.923799661613569e-11], [0.0005934702533607755, 7.192748742482339e-11, 0.9999998238965139]], [[0.9999998086248234, 2.1751867085248847e-07, -0.0006186681415309788], [-2.1751867873179097e-07, 0.9999999999999765, 5.455003313540545e-11], [0.0006186681415309755, 8.002185386081393e-11, 0.9999998086248472]], [[0.9999998025001803, 2.2281740116198634e-07, -0.0006284898972158707], [-2.22817409525191e-07, 0.9999999999999752, 5.67124275046131e-11], [0.0006284898972158671, 8.332607434390102e-11, 0.9999998025002051]], [[0.9999997962315047, 2.2820914856469665e-07, -0.0006383861661877931], [-2.2820915743741347e-07, 0.999999999999974, 5.894412438749277e-11], [0.0006383861661877893, 8.674145656630562e-11, 0.9999997962315308]], [[0.9999997902438947, 2.3333053987170538e-07, -0.000647697546900088], [-2.3333054924450105e-07, 0.9999999999999728, 6.109287448967551e-11], [0.000647697546900084, 9.003476252486737e-11, 0.999999790243922]], [[0.9999997839034127, 2.387245179538117e-07, -0.0006574139267608986], [-2.3872452787041145e-07, 0.9999999999999716, 6.338616703430087e-11], [0.0006574139267608944, 9.355467578208828e-11, 0.9999997839034412]], [[0.9999997766862625, 2.4482921065110554e-07, -0.0006683018520214531], [-2.448292212045016e-07, 0.9999999999999701, 6.601855835221572e-11], [0.0006683018520214486, 9.76012781879996e-11, 0.9999997766862925]], [[0.9999997655854352, 2.5414968101038816e-07, -0.0006847108952912274], [-2.5414969258015105e-07, 0.9999999999999678, 7.011224527349384e-11], [0.0006847108952912224, 1.0390683454380889e-10, 0.9999997655854675]], [[0.9999997491076973, 2.6784024721444316e-07, -0.000708367468885557], [-2.678402603750398e-07, 0.9999999999999643, 7.62859047031523e-11], [0.0007083674688855514, 1.1344344158133535e-10, 0.9999997491077331]], [[0.9999996891197078, 3.164335706532213e-07, -0.0007885178423512015], [-3.164335904282127e-07, 0.99999999999995, 9.967809901930724e-11], [0.0007885178423511928, 1.4983546377796483e-10, 0.9999996891197579]], [[0.999999408724946, 5.271700293963277e-07, -0.001087450909550947], [-5.271700968347113e-07, 0.9999999999998611, 2.246207785307544e-10], [0.0010874509095509142, 3.486509554021195e-10, 0.999999408725085]], [[0.9999982185478807, 1.3126178022549903e-06, -0.0018875643941589511], [-1.3126183673781386e-06, 0.9999999999991386, 9.394341711230554e-10], [0.0018875643941585582, 1.538219195744113e-09, 0.9999982185487423]], [[0.9999902055503347, 5.8852077069866255e-06, -0.004425920103600923], [-5.885223721452525e-06, 0.9999999999826821, 9.405492612063164e-09], [0.004425920103579626, 1.664212951570437e-08, 0.9999902055676527]], [[0.9999878987059715, 7.144846233965979e-06, -0.004919592520382668], [-7.14487062649812e-06, 0.9999999999744754, 1.26167898332303e-08], [0.004919592520347241, 2.2533214962648196e-08, 0.9999878987314962]], [[0.9999872983188458, 7.471114638657471e-06, -0.005040153287142058], [-7.471141503596245e-06, 0.999999999972091, 1.349778572903852e-08], [0.005040153287102235, 2.4158084146759325e-08, 0.9999872983467549]], [[0.9999870913709846, 7.583452863064348e-06, -0.005081046534826494], [-7.583480608272089e-06, 0.9999999999712453, 1.3805602979193351e-08], [0.005081046534785084, 2.4726593121971824e-08, 0.9999870913997394]], [[0.9999869052451019, 7.684437290883855e-06, -0.005117546215987238], [-7.684465840092781e-06, 0.9999999999704744, 1.4084242136068296e-08], [0.005117546215944368, 2.5241551398653603e-08, 0.9999869052746276]], [[0.9999867172949596, 7.786364208579836e-06, -0.0051541413468060016], [-7.786393581499445e-06, 0.9999999999696859, 1.436732285929583e-08], [0.0051541413467616265, 2.5765041101700304e-08, 0.9999867173252738]], [[0.9999865071079022, 7.90029603096687e-06, -0.005194760795504659], [-7.900326339143163e-06, 0.9999999999687923, 1.468591724550162e-08], [0.005194760795458564, 2.6354586471442134e-08, 0.99998650713911]], [[0.999986344427316, 7.988438871894901e-06, -0.005225982690150295], [-7.988469914162184e-06, 0.9999999999680921, 1.4933958484570363e-08], [0.005225982690102842, 2.6813850962556445e-08, 0.9999863444592241]], [[0.9999862135660619, 8.059318081401398e-06, -0.005250963040964119], [-8.05934972065284e-06, 0.9999999999675233, 1.513440065623571e-08], [0.0052509630409155565, 2.718515553370499e-08, 0.9999862135985387]], [[0.9999860890888425, 8.126720553139533e-06, -0.005274614939278879], [-8.126752765613413e-06, 0.9999999999669779, 1.5325818771034305e-08], [0.005274614939229246, 2.75398859935728e-08, 0.9999860891218648]], [[0.9999859659533091, 8.19337878054059e-06, -0.0052979080112219535], [-8.193411565204639e-06, 0.999999999966434, 1.55158942715162e-08], [0.005297908011171248, 2.7892264272978047e-08, 0.9999859659868755]], [[0.999985823030887, 8.270726824273187e-06, -0.0053248163192893775], [-8.270760279495166e-06, 0.9999999999657972, 1.5737408072885072e-08], [0.00532481631923741, 2.830309436822268e-08, 0.9999858230650901]], [[0.9999856906150137, 8.342368586773154e-06, -0.005349625745653724], [-8.34240266941889e-06, 0.9999999999652022, 1.5943491880848964e-08], [0.005349625745600572, 2.868546838482141e-08, 0.9999856906498119]], [[0.999985557361848, 8.414444157237815e-06, -0.005374476431322984], [-8.414478877259103e-06, 0.9999999999645983, 1.6151704219793505e-08], [0.005374476431268622, 2.907194748429361e-08, 0.9999855573972501]], [[0.9999854116424234, 8.493241110079466e-06, -0.005401521100334824], [-8.493276533980519e-06, 0.9999999999639322, 1.638033902157703e-08], [0.005401521100279121, 2.9496512373113658e-08, 0.9999854116784918]], [[0.9999852636219182, 8.573259916370511e-06, -0.005428854897799138], [-8.573296062624453e-06, 0.9999999999632494, 1.6613588691741874e-08], [0.005428854897742053, 2.9929836475416655e-08, 0.9999852636586695]], [[0.9999850924645629, 8.665758898431924e-06, -0.005460290609809295], [-8.665795889199097e-06, 0.999999999962452, 1.6884552949807413e-08], [0.0054602906097505855, 3.043346270075531e-08, 0.9999850925021115]], [[0.9999849215030748, 8.758123488484944e-06, -0.005491510701422911], [-8.758161332709214e-06, 0.9999999999616473, 1.7156544501114998e-08], [0.005491510701362552, 3.093925090032299e-08, 0.9999849215414282]], [[0.999984780576727, 8.834240285586366e-06, -0.005517113092059577], [-8.834278840781252e-06, 0.9999999999609778, 1.7381751459764484e-08], [0.005517113091997837, 3.135822855502086e-08, 0.9999847806157499]], [[0.9999846387625233, 8.91081811774518e-06, -0.0055427573988422124], [-8.910857395191992e-06, 0.9999999999602983, 1.76092850778449e-08], [0.005542757398779065, 3.178170620296676e-08, 0.9999846388022257]], [[0.9999844300556866, 9.02348429937891e-06, -0.005580283575201299], [-9.023524652176396e-06, 0.999999999959288, 1.7945792416869333e-08], [0.005580283575136045, 3.2408313428256766e-08, 0.9999844300963993]], [[0.9999841370642374, 9.181586385235531e-06, -0.005632542551135935], [-9.18162827262841e-06, 0.9999999999578488, 1.8421485115030557e-08], [0.005632542551067652, 3.3294719061270334e-08, 0.9999841371063891]], [[0.9999835696623656, 9.487566250326375e-06, -0.005732391760714439], [-9.487611192641493e-06, 0.9999999999549926, 1.9353511922678894e-08], [0.005732391760640053, 3.503351031479029e-08, 0.9999835697073736]], [[0.9999819938916719, 1.0336140639280043e-05, -0.006000982052948576], [-1.0336194641958637e-05, 0.9999999999465814, 2.2014964835009775e-08], [0.006000982052855558, 4.001275013418294e-08, 0.999981993945091]], [[0.999977006874963, 1.3014293259352982e-05, -0.006781264780080966], [-1.3014381571991227e-05, 0.9999999999153125, 3.1104457413810656e-08], [0.006781264779911476, 5.715022518671086e-08, 0.999977006959651]], [[0.999971034756181, 1.621609490112531e-05, -0.007611135637349465], [-1.621623574331631e-05, 0.999999999868516, 4.320812476059465e-08], [0.007611135637049385, 8.021709656606031e-08, 0.9999710348876654]], [[0.9999588936608191, 2.273816219428301e-05, -0.009066999040795476], [-2.273844928539544e-05, 0.9999999997414789, 7.142356741999251e-08], [0.009066999040075501, 1.3474886642445713e-07, 0.9999588939193399]], [[0.9999553117656949, 2.466953566123329e-05, -0.009453775065298068], [-2.466987623256252e-05, 0.9999999996956953, 8.058943301017516e-08], [0.00945377506440934, 1.5263762920388398e-07, 0.9999553120699989]], [[0.9999540292979083, 2.5362047510571573e-05, -0.009588464300592963], [-2.536240839346116e-05, 0.9999999996783705, 8.395887472961798e-08], [0.009588464299638397, 1.5923153239976718e-07, 0.9999540296195369]], [[0.9999535769495749, 2.5606439329381097e-05, -0.009635522303441692], [-2.560680752355998e-05, 0.999999999672142, 8.51581799241441e-08], [0.009635522302463204, 1.6158073841474272e-07, 0.9999535772774321]], [[0.9999531219896229, 2.5852312079832424e-05, -0.009682621280590666], [-2.5852687705016227e-05, 0.9999999996658155, 8.637007627176312e-08], [0.009682621279587748, 1.6395575674182879e-07, 0.9999531223238066]], [[0.9999526008934199, 2.613401361309221e-05, -0.009736286946132254], [-2.613439784512249e-05, 0.9999999996584927, 8.776509542240123e-08], [0.009736286945100894, 1.6669106117240917e-07, 0.9999526012349262]], [[0.9999521173466625, 2.6395499908705042e-05, -0.009785822254844563], [-2.639589221882744e-05, 0.9999999996516244, 8.906620366284862e-08], [0.009785822253786366, 1.6924357059799095e-07, 0.999952117695037]], [[0.9999510156811608, 2.699154933656679e-05, -0.009897752758596006], [-2.6991960380351365e-05, 0.9999999996357127, 9.205414578363826e-08], [0.009897752757475063, 1.751101137637317e-07, 0.999951016045447]], [[0.9999484430934213, 2.838511586937303e-05, -0.010154326630906369], [-2.8385572448505285e-05, 0.9999999995971246, 9.915790331029939e-08], [0.010154326629630048, 1.8908358323504325e-07, 0.9999484434962953]], [[0.9999405026340097, 3.2701971019147695e-05, -0.010908259376468188], [-3.2702584096060384e-05, 0.999999999465263, 1.2216643998111558e-07], [0.010908259374630217, 2.3456909822407222e-07, 0.9999405031687443]], [[0.9999296657744715, 3.8632990705670196e-05, -0.01186010167093589], [-3.863385688029024e-05, 0.9999999992537003, 1.5607614518520118e-07], [0.011860101668114383, 3.021363028734313e-07, 0.9999296665207665]], [[0.9999187935949032, 4.462990193156098e-05, -0.012743791581960363], [-4.4631068779824135e-05, 0.9999999990040151, 1.9283397102606733e-07], [0.012743791577873895, 3.759507269609241e-07, 0.9999187945908803]], [[0.9999124849932054, 4.8130622804878804e-05, -0.013229513904717074], [-4.8131985931932725e-05, 0.9999999988416327, 2.1535849985469486e-07], [0.01322951389975777, 4.21423124417241e-07, 0.9999124861515628]], [[0.9999093498646152, 4.98759181047354e-05, -0.013464381371400278], [-4.9877384790927376e-05, 0.9999999987560975, 2.2686845880520832e-07], [0.013464381365967166, 4.447202375076304e-07, 0.9999093511085066]], [[0.9999061626021268, 5.165385626138269e-05, -0.013699026321875711], [-5.165543233701942e-05, 0.9999999986658296, 2.3878097079368157e-07], [0.013699026315932826, 4.688705630671878e-07, 0.9999061639362847]], [[0.9999024733168779, 5.371576407986119e-05, -0.01396570690678812], [-5.371747191440384e-05, 0.9999999985571846, 2.528318000540378e-07], [0.013965706900219229, 4.973953263462055e-07, 0.999902474759679]], [[0.9998973873148053, 5.656378296650609e-05, -0.014325210000697254], [-5.656568139212121e-05, 0.9999999984001247, 2.7265501493807626e-07], [0.014325209993201094, 5.376882277230177e-07, 0.9998973889146637]], [[0.999892384647141, 5.936969920672238e-05, -0.014670228351729774], [-5.937179509766304e-05, 0.9999999982374521, 2.9265536930392475e-07], [0.014670228343247648, 5.783739166649465e-07, 0.9998923864096692]], [[0.9998747031738682, 6.93006705746313e-05, -0.01582950253120277], [-6.930354171571047e-05, 0.9999999975984422, 3.6717555057866754e-07], [0.01582950251863281, 7.299110443858252e-07, 0.9998747055753938]], [[0.9998596808441955, 7.772345163022154e-05, -0.016751494894716532], [-7.772707225109887e-05, 0.9999999969791565, 4.349308249130456e-07], [0.016751494877917203, 8.671748582319041e-07, 0.999859683864993]], [[0.9998500184588116, 8.311906434873646e-05, -0.017318593451388652], [-8.312320874933964e-05, 0.9999999965451506, 4.805389775141731e-07], [0.01731859343149746, 9.591101531902192e-07, 0.9998500219136044]], [[0.999841025925925, 8.811902804567315e-05, -0.017830174155904526], [-8.812368794439829e-05, 0.9999999961169703, 5.243437735833269e-07], [0.01783017413287408, 1.0470002868158997e-06, 0.999841029808887]], [[0.9998327743649178, 9.268694296912877e-05, -0.018287009457023273], [-9.269209904860347e-05, 0.9999999957039274, 5.656483904459997e-07], [0.01828700943088916, 1.129507492382582e-06, 0.9998327786609115]], [[0.9998223943202297, 9.840288023755987e-05, -0.01884595799198551], [-9.840869094373387e-05, 0.9999999951576731, 6.190589930171556e-07], [0.0188459579616444, 1.2356570109722286e-06, 0.999822399162462]], [[0.9998088695734066, 0.00010579219421953772, -0.01955027187426537], [-0.00010579890629504143, 0.999999994403057, 6.909736377628743e-07], [0.019550271837943216, 1.377555810415524e-06, 0.9998088751702323]], [[0.9997997049373403, 0.00011075557826995429, -0.020013438995049364], [-0.00011076293024625669, 0.999999993865512, 7.411326122462686e-07], [0.02001343895436172, 1.475762980377385e-06, 0.9997997110716939]], [[0.9997963542487593, 0.00011256026632393002, -0.020180122920218042], [-0.0001125678577471087, 0.9999999936639501, 7.597490684514819e-07], [0.02018012287787332, 1.5120388574448682e-06, 0.9997963605846683]], [[0.9997947050825452, 0.00011344641316455416, -0.020261658836760184], [-0.0001134541234748535, 0.9999999935637853, 7.689653929105377e-07], [0.02026165879358815, 1.5299612152717506e-06, 0.9997947115186155]], [[0.9997930536674517, 0.00011433233759241422, -0.020342978307708093], [-0.00011434016762070054, 0.9999999934628603, 7.782293437743341e-07], [0.020342978263699966, 1.5479512575661386e-06, 0.9997930602044439]], [[0.999790667692362, 0.00011560972963351104, -0.020459898085054183], [-0.00011561773378948732, 0.9999999933159565, 7.916754146830978e-07], [0.020459898039824696, 1.5740173587404723e-06, 0.999790674376253]], [[0.9997853130334343, 0.0001184648051942361, -0.020719889206441477], [-0.00011847320494154368, 0.9999999929817119, 8.221122270670772e-07], [0.020719889158414672, 1.6328159500582266e-06, 0.9997853200515585]], [[0.9997746417608574, 0.00012410225766811038, -0.021228525398113547], [-0.00012411146412636507, 0.9999999922977817, 8.838167768742673e-07], [0.02122852534429045, 1.751085766946181e-06, 0.9997746494628882]], [[0.9997486670227026, 0.00013747913501524012, -0.02241838276540426], [-0.0001374903863884649, 0.9999999905476565, 1.0394681756677938e-06], [0.022418382696403172, 2.0431051855878866e-06, 0.9997486764747947]], [[0.9997209747606113, 0.00015121000058018186, -0.023620960167364802], [-0.00015122353980813786, 0.9999999885649846, 1.2130847835029557e-06], [0.02362096008068929, 2.359298907965833e-06, 0.9997209861952986]], [[0.9996925115649908, 0.00016515108248783977, -0.024796270808330544], [-0.00016516717746537895, 0.9999999863589231, 1.3989912759044862e-06], [0.024796270701127603, 2.696968958847244e-06, 0.9996925252056469]], [[0.9996621580428787, 0.00018049987173846378, -0.02599109841561917], [-0.00018051912920731284, 0.9999999837051332, 1.60541602250567e-06], [0.02599109828187504, 3.087016807552939e-06, 0.999662174337197]], [[0.999625492861994, 0.00020091735897904202, -0.027364825097744683], [-0.00020094151673114672, 0.9999999798095103, 1.8670765638351072e-06], [0.027364824920363524, 3.632352129933447e-06, 0.9996255130517048]], [[0.9996191136130704, 0.00020480476512357257, -0.027596843196773], [-0.00020482995287001468, 0.999999979020513, 1.9141644994100773e-06], [0.027596843009835365, 3.739224671191113e-06, 0.9996191345917248]], [[0.9996175981885047, 0.00020574675471011206, -0.027651673730858764], [-0.00020577219677631018, 0.9999999788270476, 1.9254255224090587e-06], [0.027651673541541216, 3.7652564119840292e-06, 0.9996176193606108]], [[0.9996161179133517, 0.00020667410274152957, -0.027705127569732705], [-0.00020669979697552523, 0.9999999786357218, 1.936453813448776e-06], [0.02770512737804748, 3.7909338003714284e-06, 0.9996161392767701]], [[0.9996145463537903, 0.0002076666202988369, -0.027761764938140625], [-0.00020769258639897537, 0.9999999784299968, 1.948193327442977e-06], [0.027761764743893965, 3.8184703738262475e-06, 0.9996145679229189]], [[0.9996093692003865, 0.00021099693376522633, -0.02794753096606557], [-0.0002110238269832705, 0.9999999777324976, 1.9870982492505645e-06], [0.027947530763015472, 3.911272911764889e-06, 0.999609391466963]], [[0.999596454782045, 0.00021975353544552429, -0.028405620844308224], [-0.0002197829746255769, 0.9999999758455465, 2.08578015753045e-06], [0.028405620616543514, 4.158133394370991e-06, 0.9995964789354247]], [[0.9995771577594648, 0.00023428393312448307, -0.029076636609973623], [-0.00023431793065342612, 0.9999999725450488, 2.23807032675416e-06], [0.029076636336019878, 4.576053344773309e-06, 0.9995771852130493]], [[0.999552359547096, 0.0002563645858559067, -0.029916797974242737], [-0.0002564062402148548, 0.999999967124933, 2.443945324948979e-06], [0.029916797617267007, 5.228002371728227e-06, 0.999552392420225]], [[0.9995216002254587, 0.00029179197033947973, -0.03092710041668649], [-0.00029184745627658, 0.9999999574088311, 2.719989630073173e-06], [0.030927099893136238, 6.307307198999705e-06, 0.9995216428134098]], [[0.999502061974221, 0.00032165676235503156, -0.0315519356966773], [-0.00032172508603556493, 0.9999999482422453, 2.9113530878790118e-06], [0.03155193500007633, 7.241145812165421e-06, 0.999502113727288]], [[0.9994950242949472, 0.00033452378424396137, -0.03177395951845205], [-0.00033459790876241786, 0.9999999440176655, 2.9842226289939212e-06], [0.031773958737965034, 7.648784738941413e-06, 0.9994950802718411]], [[0.9994926209072988, 0.0003392449784393111, -0.03184942173262706], [-0.00033932126742953285, 0.9999999424260081, 3.009662018295718e-06], [0.031849420919941404, 7.79905117053463e-06, 0.9994926784755549]], [[0.9994902694563785, 0.00034404479046613976, -0.03192307778391097], [-0.00034412329870351965, 0.9999999407849708, 3.0348435315254368e-06], [0.03192307693770706, 7.952178252719623e-06, 0.9994903286653612]], [[0.999488100994033, 0.0003486412079838119, -0.03199084901420309], [-0.00034872185851902087, 0.9999999391918541, 3.05833200166691e-06], [0.03199084813515941, 8.099141879312393e-06, 0.9994881617958248]], [[0.9994837899827803, 0.000358313258435074, -0.03212514861080022], [-0.0003583984690313399, 0.9999999357704435, 3.1058305912141952e-06], [0.032125147660276424, 8.409376749197303e-06, 0.9994838542053031]], [[0.9994773270887636, 0.0003743670105824803, -0.032325415462786056], [-0.0003744599349033282, 0.9999999298848224, 3.1792165139668674e-06], [0.03232541438647756, 8.927018146335337e-06, 0.9994773971956797]], [[0.9994736527574083, 0.0003844950965996085, -0.03243870538853324], [-0.000384592972721298, 0.9999999260389286, 3.22222758588838e-06], [0.03243870422826251, 9.255166561356333e-06, 0.9994737267093783]], [[0.9994701710931841, 0.00039490469881105434, -0.032545677827321165], [-0.00039500772738812484, 0.999999921979118, 3.263939533423073e-06], [0.0325456765770237, 9.59358403100154e-06, 0.9994702491040475]], [[0.9994682096081758, 0.00040117135734987064, -0.03260578237321315], [-0.00040127751665067755, 0.999999919482769, 3.287880798849025e-06], [0.032605781066889404, 9.797835043778163e-06, 0.9994682901148091]], [[0.9994678302744654, 0.00040242015509155203, -0.03261739266819312], [-0.00040252694076024537, 0.9999999189806072, 3.2925494734495064e-06], [0.03261739135054001, 9.838582008037011e-06, 0.9994679112831425]], [[0.9994676320326071, 0.00040307775842252693, -0.03262345854525005], [-0.00040318487425580047, 0.9999999187155468, 3.2949944474310763e-06], [0.032623457221609, 9.860044733454922e-06, 0.9994677133062824]], [[0.9994675076673699, 0.00040349207114500897, -0.032627263313437134], [-0.0004035993951083738, 0.9999999185483273, 3.2965300781553363e-06], [0.03262726198601567, 9.873569036213918e-06, 0.9994675891082253]], [[0.999467383571109, 0.00040390686684286826, -0.03263105938771677], [-0.0004040143992679265, 0.9999999183807406, 3.2980637754549996e-06], [0.03263105805650444, 9.887110683533252e-06, 0.9994674651795113]], [[0.9994672624683094, 0.0004043129946128752, -0.032634763444922284], [-0.00040442073122945704, 0.9999999182164891, 3.2995618179885696e-06], [0.03263476210999243, 9.90037087835932e-06, 0.9994673442409244]], [[0.9994671431607044, 0.0004047144021433823, -0.03263841216163646], [-0.0004048223406616303, 0.9999999180539845, 3.3010389539554718e-06], [0.03263841082302659, 9.913478434014106e-06, 0.9994672250957857]], [[0.9994670311010753, 0.00040509260607997117, -0.03264183882661931], [-0.0004052007349044369, 0.9999999179007258, 3.3024275324609624e-06], [0.032641837484536966, 9.925829639916607e-06, 0.9994671131893789]], [[0.9994669192540001, 0.0004054712409429213, -0.032645258614246955], [-0.000405579560363684, 0.9999999177471491, 3.3038146196841907e-06], [0.032645257268683135, 9.938196217036451e-06, 0.999467001495844]], [[0.9994667674695226, 0.0004059869219071709, -0.03264989890708566], [-0.00040609550102764226, 0.9999999175377549, 3.3056988283948867e-06], [0.03264989755677214, 9.955040932964684e-06, 0.999466849920711]], [[0.9994666160771662, 0.00040650340333709154, -0.03265452651994516], [-0.0004066122426956813, 0.9999999173277686, 3.307580279336357e-06], [0.03265452516486519, 9.971914193282114e-06, 0.999466698738291]], [[0.9994654700543303, 0.0004104839258833678, -0.03268953459478455], [-0.00041059477538056885, 0.9999999157004442, 3.3218919605094547e-06], [0.03268953320265452, 1.0102035804494073e-05, 0.99946555434239]], [[0.9994644317050358, 0.00041420296855226786, -0.032721219299272394], [-0.0004143157031617795, 0.9999999141656845, 3.3349671777713223e-06], [0.0327212178720222, 1.0223733907236131e-05, 0.9994645175274841]], [[0.9994635447539275, 0.0004174692005545952, -0.03274825838698873], [-0.0004175835961905207, 0.9999999128063678, 3.3462199111252636e-06], [0.03274825692849285, 1.0330710692349168e-05, 0.9994636319353604]], [[0.9994627243834697, 0.000420567399557398, -0.03277324657453539], [-0.00042068337534390465, 0.9999999115071113, 3.3566987595039167e-06], [0.03277324508605417, 1.0432264702878677e-05, 0.9994628128638389]], [[0.9994619275302211, 0.00042365120679138516, -0.03279749894779177], [-0.0004237687597070668, 0.9999999102043471, 3.3669440956012594e-06], [0.03279749742912884, 1.053342301495688e-05, 0.9994620173130307]], [[0.9994604566444403, 0.0004295481696556668, -0.03284221509669074], [-0.00042966875004685093, 0.9999999076866458, 3.3860345484024904e-06], [0.032842213519380624, 1.0727065873438187e-05, 0.9994605489443178]], [[0.9994577172900581, 0.00044131611409366987, -0.03292531836496421], [-0.0004414427794540783, 0.9999999025582756, 3.4222424963852124e-06], [0.03292531666695515, 1.1114257380023472e-05, 0.9994578147169862]], [[0.9994565203834906, 0.0004468191071433355, -0.03296155663209901], [-0.00044694863670329324, 0.999999900112542, 3.4383473862533754e-06], [0.03296155487597219, 1.1295644085834036e-05, 0.9994566202555097]], [[0.9994553591542235, 0.00045239443139632486, -0.032996672516800274], [-0.0004525268742957029, 0.9999998976037433, 3.454148190883175e-06], [0.032996670700701905, 1.1479614155528975e-05, 0.9994554615343735]], [[0.9994543037102174, 0.0004576818400067282, -0.03302855313903787], [-0.00045781705606703926, 0.9999998951957504, 3.4686666745672376e-06], [0.03302855126505086, 1.165426112826913e-05, 0.9994544084977112]], [[0.9994523045934881, 0.00046833993586208473, -0.03308884253748284], [-0.00046848077077358625, 0.9999998902567647, 3.4966003244109033e-06], [0.03308884054380375, 1.2006801203524456e-05, 0.9994524143186123]], [[0.9994511216673517, 0.00047509442851841803, -0.03312445747717099], [-0.0004752388432458742, 0.9999998870678427, 3.5134137087734722e-06], [0.0331244554055578, 1.2230543582516274e-05, 0.9994512345805066]], [[0.9994507098144493, 0.0004775332106402397, -0.03313684676348386], [-0.00047767892133570336, 0.9999998859052249, 3.5193198875862325e-06], [0.03313684466333487, 1.2311386458768774e-05, 0.9994508238898938]], [[0.999450344823085, 0.00047973455037353353, -0.033147821765206094], [-0.0004798814323841252, 0.9999998848506877, 3.524577353769688e-06], [0.03314781963911871, 1.238438413755351e-05, 0.9994504599527678]], [[0.9994500109924642, 0.00048178215066093603, -0.033157855978978405], [-0.00048193012346071126, 0.9999998838654431, 3.5294054913114063e-06], [0.03315785382861003, 1.2452305268586976e-05, 0.999450127107111]], [[0.9994495443596951, 0.00048470130475349174, -0.033171875796268846], [-0.0004848508347262661, 0.999999882453575, 3.536186187433368e-06], [0.03317187361102746, 1.2549171995489124e-05, 0.9994496618858061]], [[0.9994489093199556, 0.0004887862961161564, -0.03319094375139312], [-0.0004889380092014727, 0.9999998804635194, 3.545475168236012e-06], [0.033190941516844166, 1.2684792671443223e-05, 0.9994490288355486]], [[0.9994474833567059, 0.0004984777773776588, -0.03323371077464721], [-0.0004986346879543364, 0.9999998756753561, 3.5666018481342236e-06], [0.033233708420749686, 1.3006849760461231e-05, 0.999447607659064]], [[0.9994465149859686, 0.0005055209072465174, -0.033262713825161314], [-0.0005056816102684577, 0.9999998721366341, 3.581173028643461e-06], [0.033262711382436576, 1.3241151786000492e-05, 0.9994466428259993]], [[0.9994455898084775, 0.0005126516670921995, -0.03329039201711009], [-0.0005128162221077678, 0.9999998685032897, 3.5952749453222827e-06], [0.033290389482656724, 1.3478571378483275e-05, 0.9994457212807613]], [[0.9994447304871534, 0.0005196747496226814, -0.033316071791494074], [-0.000519843110033158, 0.9999998648750508, 3.6085406381897808e-06], [0.03331606916492899, 1.3712593448624277e-05, 0.9994448655865728]], [[0.9994431811576304, 0.000533495352726913, -0.03336229938455481], [-0.0005336712331026861, 0.9999998575908986, 3.6328985139398267e-06], [0.03336229657159418, 1.417362380413506e-05, 0.9994433235389476]], [[0.9994429307045579, 0.0005358919489635351, -0.03336976302737785], [-0.0005360691373665238, 0.9999998563083164, 3.636892786946916e-06], [0.033369760181401954, 1.4253633294600826e-05, 0.9994430743680551]], [[0.9994427047745984, 0.0005380976996657154, -0.03337649358007232], [-0.0005382760929372806, 0.999999855122787, 3.640510246844183e-06], [0.03337649070352911, 1.4327287152395522e-05, 0.9994428496232519]], [[0.9994425034170581, 0.0005401001648139419, -0.03338249024946823], [-0.0005402796527302969, 0.9999998540422996, 3.643745903574317e-06], [0.033382487345024456, 1.4394165711604808e-05, 0.9994426493458578]], [[0.9994423152557894, 0.000542003903929045, -0.03338809230722124], [-0.0005421844332339142, 0.9999998530113602, 3.6467795930763125e-06], [0.033388089376119715, 1.4457758064654161e-05, 0.999442462215202]], [[0.9994420003160245, 0.000545264141816211, -0.03339746534273935], [-0.0005454464561302626, 0.9999998512374029, 3.6518795643201726e-06], [0.03339746236568462, 1.456668729828664e-05, 0.9994421490488303]], [[0.9994414542261503, 0.0005511536687594292, -0.03341370682746177], [-0.000551339212583145, 0.9999998480058244, 3.660790822006709e-06], [0.033413703766431206, 1.4763540709006257e-05, 0.9994416061894997]], [[0.9994406086739681, 0.0005609494763686741, -0.03343882577324397], [-0.0005611404051676751, 0.9999998425539588, 3.6747689017331834e-06], [0.033438822569792886, 1.5091162974878598e-05, 0.9994407660874168]], [[0.9994402703896557, 0.0005651347772968582, -0.03344886464643656], [-0.0005653280117368545, 0.9999998401953344, 3.6804261626676057e-06], [0.03344886138108872, 1.5231214026293032e-05, 0.999440430160957]], [[0.999439970707413, 0.0005689878780406111, -0.033457752541979045], [-0.0005691832375923348, 0.9999998380084169, 3.6854705879045755e-06], [0.0334577492190928, 1.536018529802198e-05, 0.9994401326649119]], [[0.9994396443880992, 0.000573354446503026, -0.03346742431183902], [-0.0005735522171446867, 0.9999998355121021, 3.690999669300803e-06], [0.03346742092310379, 1.5506384019288235e-05, 0.9994398088410865]], [[0.999439173737113, 0.0005800056191783537, -0.0334813618773001], [-0.0005802070678801674, 0.9999998316730239, 3.6990439525284027e-06], [0.03348135838694995, 1.5729153371964415e-05, 0.9994393420278982]], [[0.999438531782725, 0.000589876099022308, -0.033500346776996134], [-0.0005900830176193493, 0.9999998258941186, 3.7101574749486885e-06], [0.033500343132921925, 1.605991137805266e-05, 0.9994387058504666]], [[0.9994383033845106, 0.000593652255858729, -0.033507093351860515], [-0.0005938612705531245, 0.9999998236574829, 3.714153415367368e-06], [0.03350708964805086, 1.6186497842547047e-05, 0.9994384796881269]], [[0.9994381595175335, 0.0005961130349741551, -0.03351134060963584], [-0.0005963234166094903, 0.9999998221922689, 3.7166823226745427e-06], [0.03351133686662316, 1.626900298745077e-05, 0.9994383372858633]], [[0.9994380191121005, 0.0005985809396037021, -0.03351548379688797], [-0.0005987926929078969, 0.9999998207167234, 3.719159485717352e-06], [0.03351548001434018, 1.6351757407715766e-05, 0.9994381983554702]], [[0.999437828821433, 0.0006020387766305278, -0.033521095895147915], [-0.0006022524530798823, 0.9999998186390464, 3.7225315082931724e-06], [0.0335210920568383, 1.6467723424444467e-05, 0.999438010141765]], [[0.9994374599130172, 0.0006091625236601759, -0.03353196450606522], [-0.0006093801666358637, 0.999999814320936, 3.7291190472192936e-06], [0.033531960551520995, 1.6706692850101357e-05, 0.999437645549965]], [[0.9994370149377776, 0.0006186569806315392, -0.0335450508392065], [-0.0006188799191102375, 0.9999998084868215, 3.737159043419309e-06], [0.03354504672690671, 1.7025303271247776e-05, 0.9994372064067999]], [[0.9994368519867414, 0.000622439828506818, -0.03354983546148144], [-0.0006226648795557143, 0.999999806137211, 3.7401308025658567e-06], [0.03354983128542313, 1.715227970143588e-05, 0.9994370458045462]], [[0.9994366963590858, 0.0006262378505437232, -0.03355440056074868], [-0.0006264650241133161, 0.9999998037637627, 3.7429835353150464e-06], [0.033554396320157324, 1.727978325736914e-05, 0.9994368925494989]], [[0.9994365156232918, 0.0006309106144481723, -0.03355969592487648], [-0.0006311404013487579, 0.9999998008238598, 3.7463150150200137e-06], [0.03355969160417568, 1.7436675930163563e-05, 0.9994367147525623]], [[0.9994362424759505, 0.0006386241010018413, -0.033567683637846985], [-0.000638858206338981, 0.9999997959230389, 3.751389472608996e-06], [0.03356767918318384, 1.7695715561294682e-05, 0.9994364465042869]], [[0.9994359721151723, 0.0006472762789767935, -0.03357556664628404], [-0.0006475152345940025, 0.9999997903549331, 3.756461774798358e-06], [0.033575562038800716, 1.7986347888019665e-05, 0.9994361817096026]], [[0.9994357989228962, 0.0006535530206442844, -0.03358060005123757], [-0.0006537954988146631, 0.9999997862686323, 3.759738339534347e-06], [0.03358059533119833, 1.81972280699146e-05, 0.999436012602139]], [[0.9994356579186174, 0.0006592474070609632, -0.03358468510551289], [-0.0006594930836317802, 0.9999997825273348, 3.7624220673679925e-06], [0.033584680282128895, 1.8388568768803147e-05, 0.9994358753377864]], [[0.9994354435200814, 0.0006693824227062412, -0.033590864278703794], [-0.0006696337977352343, 0.99999977578817, 3.7665296785209762e-06], [0.03359085926848339, 1.8729174756406665e-05, 0.9994356676759253]], [[0.9994353118925858, 0.0006770084777816481, -0.03359462757184006], [-0.0006772641451820377, 0.9999997706495096, 3.7690650231402406e-06], [0.03359462241858471, 1.8985500048239156e-05, 0.9994355411851747]], [[0.9994352352543945, 0.0006822801789727823, -0.03359680082612665], [-0.000682538815712834, 0.9999997670632469, 3.7705433054869923e-06], [0.0335967955727639, 1.916270681208176e-05, 0.9994354681319011]], [[0.9994351753274667, 0.0006870854374808636, -0.03359848555749563], [-0.0006873467822581807, 0.9999997637700597, 3.771697790369511e-06], [0.033598480212006, 1.9324243494325993e-05, 0.9994354114969195]], [[0.9994350922263856, 0.0006955368658319354, -0.0336007835459862], [-0.000695802976557248, 0.9999997579219608, 3.773287330472068e-06], [0.03360077803643483, 1.9608369434859585e-05, 0.9994353342417196]], [[0.999435036590253, 0.0007039863328331126, -0.03360226241018176], [-0.0007042572120245573, 0.9999997520037363, 3.7743225998036644e-06], [0.03360225673401773, 1.989244539710758e-05, 0.99943528452155]], [[0.9994350234270286, 0.0007069361073569187, -0.03360259199458961], [-0.0007072086520455916, 0.9999997499208064, 3.774555306456259e-06], [0.03360258625964992, 1.9991621018630575e-05, 0.9994352734404552]], [[0.9994350140445366, 0.0007096736614053301, -0.03360281335083758], [-0.0007099477521120408, 0.9999997479799387, 3.774712224879865e-06], [0.03360280756106833, 2.0083662237614316e-05, 0.9994352659980835]], [[0.9994350076490963, 0.0007122622821935826, -0.03360294879757039], [-0.0007125378351035594, 0.99999974613776, 3.7748085994442275e-06], [0.03360294295570431, 2.017069652789074e-05, 0.9994352614441109]], [[0.9994350030034999, 0.0007154877611583832, -0.033603018445636415], [-0.000715765136391932, 0.9999997438329772, 3.7748583374336923e-06], [0.03360301253851615, 2.0279143527144322e-05, 0.9994352591024054]], [[0.9994350035400006, 0.000721088054487744, -0.033602882778364526], [-0.0007213685947282168, 0.999999739806517, 3.774760645610921e-06], [0.03360287675704822, 2.0467436409470606e-05, 0.9994352636638024]], [[0.9994350121504914, 0.0007257546783883678, -0.033602526212977483], [-0.0007260378568519623, 0.9999997364273571, 3.7745023670953533e-06], [0.03360252009563358, 2.0624336297395653e-05, 0.9994352756521349]], [[0.9994350279851894, 0.0007304153753078992, -0.033601954253035415], [-0.0007307011893859775, 0.9999997330307284, 3.774085450440531e-06], [0.033601948038996195, 2.0781034740640255e-05, 0.9994352948821312]], [[0.9994350467684683, 0.000734332040631796, -0.03360131020307696], [-0.0007346200701119262, 0.9999997301595198, 3.7736132653929266e-06], [0.033601303907168395, 2.0912715506886482e-05, 0.9994353165354903]], [[0.9994350705277567, 0.0007382594002007409, -0.033600517439997805], [-0.0007385496515914553, 0.999999727265051, 3.773028950256375e-06], [0.03360051106143647, 2.1044752993633843e-05, 0.9994353431881063]], [[0.9994351263335218, 0.0007454297624104679, -0.03359869915883848], [-0.0007457240715362929, 0.9999997219406531, 3.7716784906677956e-06], [0.033598692627927515, 2.1285810766275646e-05, 0.9994354043161606]], [[0.9994352703777515, 0.0007586974582633787, -0.033594117090900884], [-0.0007589992788243786, 0.9999997119529062, 3.7682274571108946e-06], [0.03359411027315765, 2.1731811217326602e-05, 0.9994355583441498]], [[0.9994353964438272, 0.0007676681515382699, -0.033590162559576475], [-0.0007679750527166844, 0.9999997051000273, 3.7652060141138425e-06], [0.03359015554426717, 2.203332669707786e-05, 0.9994356912603449]], [[0.999435545442814, 0.0007766887960401973, 