{"0":{"b2imat":[[0.9396926208,4.163336342e-17,0.3420201433],[0.2418447626,0.7071067812,-0.6644630244],[-0.2418447626,0.7071067812,0.6644630244]],"events":[],"pos_i":[6378137.0,0.0000003154,0.0000000004],"time":0.0000000007,"vel_i":[0.0000000215,465.1010906434,-0.0000000055],"w_b":[0.0,0.0,0.0]},"1":{"b2imat":[[0.9396926208,4.163336342e-17,0.3420201433],[0.2418447626,0.7071067812,-0.6644630244],[-0.2418447626,0.7071067812,0.6644630244]],"events":[],"pos_i":[6378137.0,0.0000034699,0.0000000004],"time":0.0000000075,"vel_i":[0.0000002362,465.1010906987,-0.0000000608],"w_b":[0.0,0.0,0.0]},"2":{"b2imat":[[0.9396926208,4.163336342e-17,0.3420201433],[0.2418447626,0.7071067812,-0.6644630244],[-0.2418447626,0.7071067812,0.6644630244]],"events":[],"pos_i":[6378137.0,0.0000350149,0.0000000004],"time":0.0000000753,"vel_i":[0.0000023839,465.1010912514,-0.0000006135],"w_b":[0.0,0.0,0.0]},"3":{"b2imat":[[0.9396926208,4.163336342e-17,0.3420201433],[0.2418447626,0.7071067812,-0.6644630244],[-0.2418447626,0.7071067812,0.6644630244]],"events":[],"pos_i":[6378137.0,0.0003504643,0.0000000004],"time":0.0000007535,"vel_i":[0.0000238601,465.1010967787,-0.0000061408],"w_b":[0.0,0.0,0.0]},"4":{"b2imat":[[0.9396926208,4.163336342e-17,0.3420201433],[0.2418447626,0.7071067812,-0.6644630244],[-0.2418447626,0.7071067812,0.6644630244]],"events":[],"pos_i":[6378137.0000000009,0.0035049587,0.0000000002],"time":0.0000075359,"vel_i":[0.0002386228,465.1011520512,-0.0000614134],"w_b":[0.0,0.0,0.0]},"5":{"b2imat":[[0.9396926208,4.163336342e-17,0.3420201433],[0.2418447626,0.7071067812,-0.6644630244],[-0.2418447626,0.7071067812,0.6644630244]],"events":[],"pos_i":[6378137.0000000903,0.0350499233,-0.0000000228],"time":0.0000753597,"vel_i":[0.0023862496,465.101704777,-0.0006141391],"w_b":[0.0,0.0,0.0]},"6":{"b2imat":[[0.9396926208,4.163336342e-17,0.3420201433],[0.2418447626,0.7071067812,-0.6644630244],[-0.2418447626,0.7071067812,0.6644630244]],"events":[],"pos_i":[6378137.0000046492,0.2520361721,-0.0000011961],"time":0.0005418929,"vel_i":[0.0171589181,465.1055067569,-0.004416119],"w_b":[0.0,0.0,0.0]},"7":{"b2imat":[[0.9396926208,4.163336342e-17,0.3420201433],[0.2418447626,0.7071067812,-0.6644630244],[-0.2418447626,0.7071067812,0.6644630244]],"events":[],"pos_i":[6378137.0004098089,2.3663789351,-0.0001054705],"time":0.0050876541,"vel_i":[0.1610994307,465.1425521251,-0.0414614872],"w_b":[0.0,0.0,0.0]},"8":{"b2imat":[[0.9396926208,4.163336342e-17,0.3420201433],[0.2418447626,0.7071067812,-0.6644630244],[-0.2418447626,0.7071067812,0.6644630244]],"events":[],"pos_i":[6378137.0012631053,4.1545877822,-0.0003250798],"time":0.0089319565,"vel_i":[0.2828283887,465.1738809983,-0.0727903604],"w_b":[0.0,0.0,0.0]},"9":{"b2imat":[[0.9396926208,4.163336342e-17,0.3420201433],[0.2418447626,0.7071067812,-0.6644630244],[-0.2418447626,0.7071067812,0.6644630244]],"events":[],"pos_i":[6378137.0014985977,4.5253654463,-0.0003856874],"time":0.0097290242,"vel_i":[0.3080673522,465.1803766448,-0.079286007],"w_b":[0.0,0.0,0.0]},"10":{"b2imat":[[0.9396926208,4.163336342e-17,0.3420201433],[0.2418447626,0.7071067812,-0.6644630244],[-0.2418447626,0.7071067812,0.6644630244]],"events":[],"pos_i":[6378137.0015891613,4.6601107115,-0.0004089954],"time":0.0100186859,"vel_i":[0.317239578,465.1827372623,-0.0816466244],"w_b":[0.0,0.0,0.0]},"11":{"b2imat":[[0.9396926208,4.163336342e-17,0.3420201433],[0.2418447626,0.7071067812,-0.6644630244],[-0.2418447626,0.7071067812,0.6644630244]],"events":[],"pos_i":[6378137.0016750796,4.7844347427,-0.0004311078],"time":0.0102859437,"vel_i":[0.3257286134,465.1849220498,-0.083831412],"w_b":[0.0,0.0,0.0]},"12":{"b2imat":[[0.9396926208,4.163336342e-17,0.3420201433],[0.2418447626,0.7071067812,-0.6644630244],[-0.2418447626,0.7071067812,0.6644630244]],"events":[],"pos_i":[6378137.0026614238,6.027707782,-0.0006849591],"time":0.0129585222,"vel_i":[0.4131647642,465.2074251265,-0.1063344887],"w_b":[0.0,0.0,0.0]},"13":{"b2imat":[[0.9396926208,4.163336342e-17,0.3420201433],[0.2418447626,0.7071067812,-0.6644630244],[-0.2418447626,0.7071067812,0.6644630244]],"events":[],"pos_i":[6378137.0060243374,9.0070894634,-0.001550458],"time":0.0193625411,"vel_i":[0.6415172973,465.2661952637,-0.1651046258],"w_b":[0.0,0.0,0.0]},"14":{"b2imat":[[0.9396926208,4.163336342e-17,0.3420201433],[0.2418447626,0.7071067812,-0.6644630244],[-0.2418447626,0.7071067812,0.6644630244]],"events":[],"pos_i":[6378137.0064323479,9.297649329,-0.0016554661],"time":0.0199870395,"vel_i":[0.6652083487,465.2722925305,-0.1712018927],"w_b":[0.0,0.0,0.0]},"15":{"b2imat":[[0.9396926208,4.163336342e-17,0.3420201433],[0.2418447626,0.7071067812,-0.6644630244],[-0.2418447626,0.7071067812,0.6644630244]],"events":[],"pos_i":[6378137.0068552094,9.5882130167,-0.0017642962],"time":0.0206115378,"vel_i":[0.6890388601,465.2784256897,-0.1773350518],"w_b":[0.0,0.0,0.0]},"16":{"b2imat":[[0.9396926208,4.163336342e-17,0.3420201433],[0.2418447626,0.7071067812,-0.6644630244],[-0.2418447626,0.7071067812,0.6644630244]],"events":[],"pos_i":[6378137.0073284591,9.9019201739,-0.0018860945],"time":0.0212857684,"vel_i":[0.7147862218,465.2850521805,-0.1839615427],"w_b":[0.0,0.0,0.0]},"17":{"b2imat":[[0.9396926208,4.163336342e-17,0.3420201433],[0.2418447626,0.7071067812,-0.6644630244],[-0.2418447626,0.7071067812,0.6644630244]],"events":[],"pos_i":[6378137.0130182728,13.0392381266,-0.0033504581],"time":0.0280280737,"vel_i":[0.9733341117,465.3515935704,-0.2505029326],"w_b":[0.0,0.0,0.0]},"18":{"b2imat":[[0.9396926208,4.163336342e-17,0.3420201433],[0.2418447626,0.7071067812,-0.6644630244],[-0.2418447626,0.7071067812,0.6644630244]],"events":[],"pos_i":[6378137.0156287914,14.2273291759,-0.0040223164],"time":0.0305811084,"vel_i":[1.0717386803,465.376919543,-0.2758289051],"w_b":[0.0,0.0,0.0]},"19":{"b2imat":[[0.9396926208,4.163336342e-17,0.3420201433],[0.2418447626,0.7071067812,-0.6644630244],[-0.2418447626,0.7071067812,0.6644630244]],"events":[],"pos_i":[6378137.0182172796,15.3063169134,-0.0046885047],"time":0.0328995754,"vel_i":[1.161195951,465.3999427869,-0.298852149],"w_b":[0.0,0.0,0.0]},"20":{"b2imat":[[0.9396926208,4.163336342e-17,0.3420201433],[0.2418447626,0.7071067812,-0.6644630244],[-0.2418447626,0.7071067812,0.6644630244]],"events":[],"pos_i":[6378137.0279071257,18.7634423756,-0.0071823398],"time":0.040327276,"vel_i":[1.4479562109,465.4737450766,-0.3726544387],"w_b":[0.0,0.0,0.0]},"21":{"b2imat":[[0.9396926208,4.163336342e-17,0.3420201433],[0.2418447626,0.7071067812,-0.6644630244],[-0.2418447626,0.7071067812,0.6644630244]],"events":[],"pos_i":[6378137.039727632,22.2211161971,-0.0102245342],"time":0.0477549765,"vel_i":[1.7348739758,465.5475879026,-0.4464972648],"w_b":[0.0,0.0,0.0]},"22":{"b2imat":[[0.9396926208,4.163336342e-17,0.3420201433],[0.2418447626,0.7071067812,-0.6644630244],[-0.2418447626,0.7071067812,0.6644630244]],"events":[],"pos_i":[6378137.1812710427,46.3272756102,-0.0466529702],"time":0.0995065881,"vel_i":[3.7357142275,466.0625357963,-0.9614451584],"w_b":[0.0,0.0,0.0]},"23":{"b2imat":[[0.9396926208,4.163336342e-17,0.3420201433],[0.2418447626,0.7071067812,-0.6644630244],[-0.2418447626,0.7071067812,0.6644630244]],"events":[],"pos_i":[6378137.3997334018,68.2544165851,-0.1028777146],"time":0.1465305935,"vel_i":[5.5561769228,466.5310606721,-1.4299700342],"w_b":[0.0,0.0,0.0]},"24":{"b2imat":[[0.9396926208,4.163336342e-17,0.3420201433],[0.2418447626,0.7071067812,-0.6644630244],[-0.2418447626,0.7071067812,0.6644630244]],"events":[],"pos_i":[6378137.7051498415,90.2857184307,-0.1814814672],"time":0.1937304358,"vel_i":[7.385588489,467.0018886814,-1.9007980436],"w_b":[0.0,0.0,0.0]},"25":{"b2imat":[[0.9396926208,4.163336342e-17,0.3420201433],[0.2418447626,0.7071067812,-0.6644630244],[-0.2418447626,0.7071067812,0.6644630244]],"events":[],"pos_i":[6378138.1490705274,114.9515078531,-0.295731479],"time":0.2465179693,"vel_i":[9.4339725862,467.5290727359,-2.427982098],"w_b":[0.0,0.0,0.0]},"26":{"b2imat":[[0.9396926208,4.163336342e-17,0.3420201433],[0.2418447626,0.7071067812,-0.6644630244],[-0.2418447626,0.7071067812,0.6644630244]],"events":[],"pos_i":[6378138.73446701,140.995006534,-0.4463925251],"time":0.3021893882,"vel_i":[11.5968772127,468.0857304604,-2.9846398225],"w_b":[0.0,0.0,0.0]},"27":{"b2imat":[[0.9396926208,4.163336342e-17,0.3420201433],[0.2418447626,0.7071067812,-0.6644630244],[-0.2418447626,0.7071067812,0.6644630244]],"events":[],"pos_i":[6378139.6245819572,173.22956663,-0.6754776892],"time":0.3710034064,"vel_i":[14.2739239786,468.7747107987,-3.6736201608],"w_b":[0.0,0.0,0.0]},"28":{"b2imat":[[0.9396926208,4.163336342e-17,0.3420201433],[0.2418447626,0.7071067812,-0.6644630244],[-0.2418447626,0.7071067812,0.6644630244]],"events":[],"pos_i":[6378141.1921807947,218.7416914178,-1.0789240506],"time":0.4679902321,"vel_i":[18.0533013202,469.7473933503,-4.6463027124],"w_b":[0.0,0.0,0.0]},"29":{"b2imat":[[0.9396926208,4.163336342e-17,0.3420201433],[0.2418447626,0.7071067812,-0.6644630244],[-0.2418447626,0.7071067812,0.6644630244]],"events":[],"pos_i":[6378143.5989429979,274.339808653,-1.6983423805],"time":0.5861982949,"vel_i":[22.6691858375,470.9353642578,-5.8342736199],"w_b":[0.0,0.0,0.0]},"30":{"b2imat":[[0.9396926208,4.163325968e-17,0.3420201433],[0.2418447626,0.7071067812,-0.6644630244],[-0.2418447626,0.7071067812,0.6644630244]],"events":["Cleared rail"],"pos_i":[6378143.598967351,274.3403145631,-1.698348648],"time":0.5861993691,"vel_i":[22.6692266681,470.9353773277,-5.8342866903],"w_b":[0.0,-0.0,2.180217047e-16]},"31":{"b2imat":[[0.9396926208,4.163296391e-17,0.3420201433],[0.2418447626,0.7071067812,-0.6644630244],[-0.2418447626,0.7071067812,0.6644630244]],"events":[],"pos_i":[6378143.5989894671,274.3407740102,-1.69835434],"time":0.5862003447,"vel_i":[22.669263688,470.9353893152,-5.8342986782],"w_b":[0.0,-0.0,4.271826423e-16]},"32":{"b2imat":[[0.9396926208,4.161949523e-17,0.3420201433],[0.2418447626,0.7071067812,-0.6644630244],[-0.2418447626,0.7071067812,0.6644630244]],"events":[],"pos_i":[6378143.5992106311,274.3453684827,-1.6984112603],"time":0.5862101008,"vel_i":[22.6696338881,470.9355091902,-5.8344185573],"w_b":[0.0,-0.0000000001,0.0]},"33":{"b2imat":[[0.9396926208,4.047109561e-17,0.3420201433],[0.2418447626,0.7071067812,-0.6644630244],[-0.2418447626,0.7071067812,0.6644630244]],"events":[],"pos_i":[6378143.6014224738,274.3913132711,-1.6989805279],"time":0.5863076613,"vel_i":[22.6733358918,470.9367079412,-5.8356173491],"w_b":[0.0,-0.0000000005,0.0]},"34":{"b2imat":[[0.9396926208,-1.392575965e-17,0.3420201433],[0.2418447626,0.7071067812,-0.6644630244],[-0.2418447626,0.7071067812,0.6644630244]],"events":[],"pos_i":[6378143.6188927544,274.7539498558,-1.7034777409],"time":0.5870776861,"vel_i":[22.7025552582,470.9461694877,-5.8450792184],"w_b":[0.0,-0.0000000034,0.0]},"35":{"b2imat":[[0.9396926208,0.0,0.3420201433],[0.2418447627,0.7071067812,-0.6644630244],[-0.2418447627,0.7071067812,0.6644630244]],"events":[],"pos_i":[6378143.7576156063,277.6173226778,-1.7392403457],"time":0.5931572467,"vel_i":[22.9332649652,471.0208747252,-5.9197870193],"w_b":[0.0,0.0000000242,-0.0]},"36":{"b2imat":[[0.9396926205,0.0,0.3420201442],[0.2418447633,0.7071067812,-0.6644630242],[-0.2418447633,0.7071067812,0.6644630242]],"events":[],"pos_i":[6378143.9543888997,281.6309553051,-1.7901241121],"time":0.601677435,"vel_i":[23.2566363105,471.1255812212,-6.0244971521],"w_b":[0.0,0.0000002148,-0.0]},"37":{"b2imat":[[0.9396925299,0.0,0.3420203931],[0.2418449393,0.7071067812,-0.6644629601],[-0.2418449393,0.7071067812,0.6644629601]],"events":[],"pos_i":[6378145.7239944143,315.5239512485,-2.2548785431],"time":0.6735505048,"vel_i":[25.9864752519,472.0093478791,-6.9082965513],"w_b":[0.0,0.0000095728,-0.0000000009]},"38":{"b2imat":[[0.9396895319,0.0000000008,0.3420286299],[0.2418507629,0.7071067814,-0.6644608402],[-0.2418507642,0.707106781,0.6644608402]],"events":[],"pos_i":[6378150.9739862755,400.050391,-3.6856382603],"time":0.8522120842,"vel_i":[32.7872380915,474.2099558071,-9.1090018411],"w_b":[0.0,0.0001090799,-0.0000000112]},"39":{"b2imat":[[0.9396163098,0.0000000246,0.3422297333],[0.2419929466,0.7071067875,-0.6644090644],[-0.2419929837,0.7071067748,0.6644090644]],"events":[],"pos_i":[6378168.9983867938,608.9238174693,-8.860039853],"time":1.2901795653,"vel_i":[49.5402615602,479.6257481946,-14.5251294005],"w_b":[0.0,0.0010751145,-0.0000001357]},"40":{"b2imat":[[0.9394480725,0.000000087,0.3426912882],[0.2423192683,0.7071068036,-0.6642901027],[-0.2423193992,0.7071067588,0.6642901026]],"events":[],"pos_i":[6378184.6281265952,745.7261105508,-13.4891901202],"time":1.5743614766,"vel_i":[60.4640783739,483.1562960949,-18.055968665],"w_b":[0.0,0.0025095856,-0.000000356]},"41":{"b2imat":[[0.9393159221,0.0000001397,0.3430533464],[0.2425752424,0.7071068172,-0.6641966583],[-0.2425754527,0.7071067452,0.6641966581]],"events":[],"pos_i":[6378192.8283778122,808.7484904041,-15.9460728152],"time":1.7045817827,"vel_i":[65.4813021148,484.7790189459,-19.6788447738],"w_b":[0.0,0.0034411645,-0.0000005131]},"42":{"b2imat":[[0.9392441776,0.0000001693,0.3432497267],[0.2427140819,0.7071068249,-0.6641459272],[-0.2427143368,0.7071067375,0.6641459271]],"events":[],"pos_i":[6378196.6193759842,836.3719159172,-17.086812089],"time":1.761521534,"vel_i":[67.6771170703,485.4896675501,-20.3895643505],"w_b":[0.0,0.0039088975,-0.0000005953]},"43":{"b2imat":[[0.939202101,0.000000187,0.3433648401],[0.2427954661,0.7071068294,-0.6641161746],[-0.2427957476,0.707106733,0.6641161745]],"events":[],"pos_i":[6378198.6900665732,851.1046109151,-17.7110626587],"time":1.7918557458,"vel_i":[68.8494740264,485.8690942886,-20.7690298922],"w_b":[0.0,0.0041737433,-0.0000006428]},"44":{"b2imat":[[0.9391773043,0.0000001974,0.3434326587],[0.2428434132,0.7071068321,-0.6640986407],[-0.2428437104,0.7071067302,0.6640986405]],"events":[],"pos_i":[6378199.8654303737,859.3614888522,-18.0657439276],"time":1.8088460613,"vel_i":[69.5075664696,486.0820452708,-20.9820029116],"w_b":[0.0,0.0043269397,-0.0000006705]},"45":{"b2imat":[[0.9391515984,0.0000002084,0.343502948],[0.2428931071,0.7071068349,-0.6640804639],[-0.2428934208,0.7071067274,0.6640804636]],"events":[],"pos_i":[6378201.0520013608,867.6219919812,-18.4240507646],"time":1.8258363769,"vel_i":[70.1687403267,486.2958366045,-21.1958165017],"w_b":[0.0,0.0044836658,-0.0000006991]},"46":{"b2imat":[[0.9391258987,0.0000002193,0.3435732039],[0.2429427772,0.7071068378,-0.6640622915],[-0.2429431074,0.7071067246,0.6640622912]],"events":[],"pos_i":[6378202.2082039397,875.600307333,-18.773415748],"time":1.8422391939,"vel_i":[70.8073742247,486.5023618086,-21.4023634003],"w_b":[0.0,0.0046383537,-0.0000007275]},"47":{"b2imat":[[0.9390777268,0.0000002401,0.3437048487],[0.2430358485,0.7071068432,-0.6640282288],[-0.24303621,0.7071067192,0.6640282285]],"events":[],"pos_i":[6378204.3015288208,889.873455124,-19.4065032877],"time":1.8715663512,"vel_i":[71.9494229423,486.8717810165,-21.7718219065],"w_b":[0.0,0.0049232906,-0.0000007803]},"48":{"b2imat":[[0.93887747,0.0000003285,0.3442515017],[0.243422324,0.707106866,-0.663886626],[-0.2434228185,0.7071066963,0.6638866254]],"events":[],"pos_i":[6378212.174143957,941.7267174415,-21.7934008462],"time":1.9779227841,"vel_i":[76.093204947,488.2133683388,-23.1135572821],"w_b":[0.0,0.0060487714,-0.0000009952]},"49":{"b2imat":[[0.9375489662,0.0000009709,0.3478533255],[0.2459687138,0.7071070336,-0.6629472338],[-0.2459701768,0.7071065287,0.6629472295]],"events":[],"pos_i":[6378248.6138575291,1153.4344415801,-32.9391272841],"time":2.4091466565,"vel_i":[92.9173135499,493.6903570308,-28.5912388597],"w_b":[0.0,0.0121896316,-0.0000023098]},"50":{"b2imat":[[0.9319954346,0.0000041353,0.3624700124],[0.2563018786,0.7071078845,-0.6590203234],[-0.2563081289,0.7071056779,0.6590202602]],"events":[],"pos_i":[6378332.1326253666,1539.0760390474,-58.9176884496],"time":3.182452021,"vel_i":[123.0652008017,503.7659688389,-38.6685215458],"w_b":[0.0,0.0294561688,-0.0000070006]},"51":{"b2imat":[[0.9199430955,0.0000120939,0.3920519109],[0.2772133647,0.7071101811,-0.6504982261],[-0.2772317648,0.7071033811,0.6504977763]],"events":[],"pos_i":[6378442.2461830247,1944.0602877716,-93.9930277127],"time":3.9777903753,"vel_i":[153.7423404735,514.7723743468,-49.6774206226],"w_b":[0.0,0.0504275752,-0.0000150338]},"52":{"b2imat":[[0.9153103357,0.0000153941,0.4027492882],[0.2847750129,0.7071111919,-0.6472224921],[-0.2847984926,0.7071023703,0.6472217986]],"events":[],"pos_i":[6378477.1358709922,2058.1240207349,-105.3214178316],"time":4.1986816952,"vel_i":[162.146216694,518.0007431479,-52.9066684559],"w_b":[0.0,0.0549278778,-0.0000175242]},"53":{"b2imat":[[0.9138150774,0.0000164844,0.4061305258],[0.2871650673,0.7071115328,-0.6461652298],[-0.2871902303,0.7071020293,0.6461644463]],"events":[],"pos_i":[6378488.0230146796,2092.6691235435,-108.8793322533],"time":4.2653073511,"vel_i":[164.6680891507,518.9916134864,-53.8978227014],"w_b":[0.0,0.0560310879,-0.0000182614]},"54":{"b2imat":[[0.9132237432,0.0000169191,0.4074584573],[0.2881037208,0.7071116697,-0.645747112],[-0.2881295555,0.7071018925,0.6457462914]],"events":[],"pos_i":[6378492.2927366756,2106.0913675634,-110.2777264966],"time":4.2911598812,"vel_i":[165.6464205652,519.3787689067,-54.2850907743],"w_b":[0.0,0.0564218534,-0.0000185439]},"55":{"b2imat":[[0.9126445888,0.0000173466,0.4087540265],[0.289019496,0.7071118048,-0.6453376065],[-0.2890459918,0.7071017573,0.6453367488]],"events":[],"pos_i":[6378496.4576785406,2119.1178317854,-111.6434731583],"time":4.3162316452,"vel_i":[166.5954064014,519.7557780994,-54.6622105782],"w_b":[0.0,0.0567797812,-0.0000188157]},"56":{"b2imat":[[0.9120148287,0.0000178137,0.4101572282],[0.2900113481,0.707111953,-0.6448923195],[-0.2900385666,0.7071016091,0.6448914206]],"events":[],"pos_i":[6378500.9696886232,2133.1571982792,-113.1248992234],"time":4.3432325391,"vel_i":[167.6162740444,520.1630821417,-55.0696352183],"w_b":[0.0,0.0571412734,-0.0000191056]},"57":{"b2imat":[[0.9116487032,0.0000180863,0.4109703659],[0.2905861123,0.7071120398,-0.6446334419],[-0.2906137527,0.7071015223,0.6446325185]],"events":[],"pos_i":[6378503.5856155418,2141.2627804354,-113.9846802305],"time":4.3588117775,"vel_i":[168.2056502798,520.3989845321,-55.3056079215],"w_b":[0.0,0.0573382085,-0.0000192715]},"58":{"b2imat":[[0.9112806172,0.0000183611,0.4117859109],[0.2911625769,0.7071121275,-0.6443731783],[-0.291190643,0.7071014346,0.6443722299]],"events":[],"pos_i":[6378506.2107140152,2149.3720389128,-114.848138658],"time":4.3743910159,"vel_i":[168.7943820067,520.6352572745,-55.5419514873],"w_b":[0.0,0.0575264174,-0.0000194362]},"59":{"b2imat":[[0.9109220601,0.0000186296,0.4125784773],[0.2917227981,0.7071122134,-0.6441196525],[-0.29175128,0.7071013487,0.6441186795]],"events":[],"pos_i":[6378508.7635917608,2157.2346974302,-115.6884809097],"time":4.3894897428,"vel_i":[169.3639201435,520.8644627546,-55.7712260833],"w_b":[0.0,0.0577003389,-0.0000195948]},"60":{"b2imat":[[0.9105743422,0.0000188906,0.4133453361],[0.2922648468,0.7071122971,-0.6438737909],[-0.2922937333,0.707101265,0.6438727938]],"events":[],"pos_i":[6378511.2356482865,2164.8265868044,-116.5028211047],"time":4.4040621965,"vel_i":[169.9135636575,521.0861811194,-55.9930116309],"w_b":[0.0,0.0578601389,-0.0000197467]},"61":{"b2imat":[[0.9102396162,0.0000191426,0.4140819251],[0.2927854986,0.7071123781,-0.6436371156],[-0.2928147757,0.707101184,0.6436360949]],"events":[],"pos_i":[6378513.612275226,2172.1053538365,-117.2862853247],"time":4.4180277924,"vel_i":[170.4407410973,521.2992798215,-56.2061751743],"w_b":[0.0,0.0580057303,-0.0000198913]},"62":{"b2imat":[[0.9098655878,0.000019425,0.4149031354],[0.293365963,0.707112469,-0.6433726509],[-0.293395678,0.7071010931,0.6433716036]],"events":[],"pos_i":[6378516.2647811919,2180.2060823594,-118.161344531],"time":4.4335637567,"vel_i":[171.0263120711,521.5366072246,-56.443575194],"w_b":[0.0,0.0581588617,-0.0000200508]},"63":{"b2imat":[[0.909513655,0.0000196914,0.415674044],[0.2939108711,0.707112555,-0.6431238095],[-0.2939409994,0.707101007,0.6431227369]],"events":[],"pos_i":[6378518.757899588,2187.7981956151,-118.9844491351],"time":4.4481178538,"vel_i":[171.5740002524,521.7591812713,-56.666217731],"w_b":[0.0,0.0582937406,-0.000020199]},"64":{"b2imat":[[0.9091602771,0.0000199597,0.4164463833],[0.2944567893,0.7071126418,-0.6428739464],[-0.2944873339,0.7071009202,0.6428728481]],"events":[],"pos_i":[6378521.2589952974,2195.3935539656,-119.8107998345],"time":4.4626719509,"vel_i":[172.1217990144,521.9823029448,-56.8894083768],"w_b":[0.0,0.058420192,-0.0000203459]},"65":{"b2imat":[[0.9087805569,0.0000202489,0.4172743689],[0.2950420391,0.7071127356,-0.6426054578],[-0.2950730325,0.7071008265,0.6426043314]],"events":[],"pos_i":[6378523.9444130659,2203.5254488419,-120.6987344026],"time":4.4782472499,"vel_i":[172.7089046304,522.2219319384,-57.129111745],"w_b":[0.0,0.0585460349,-0.0000205016]},"66":{"b2imat":[[0.9081414016,0.0000207376,0.4186635813],[0.296023981,0.7071128946,-0.6421535307],[-0.2960557335,0.7071006675,0.6421523563]],"events":[],"pos_i":[6378528.4608816672,2217.1484195292,-122.1937107379],"time":4.5043237565,"vel_i":[173.6922762461,522.6245867186,-57.5318923029],"w_b":[0.0,0.0587343622,-0.0000207588]},"67":{"b2imat":[[0.9071010005,0.0000215387,0.4209130247],[0.2976139552,0.7071131565,-0.6414178962],[-0.2976469529,0.7071004054,0.6414166415]],"events":[],"pos_i":[6378535.8075624118,2239.167196149,-124.6298218223],"time":4.5464286317,"vel_i":[175.2777948314,523.2775081843,-58.1850200979],"w_b":[0.0,0.0589777164,-0.0000211639]},"68":{"b2imat":[[0.9031548622,0.0000246441,0.4293149126],[0.3035525675,0.7071141879,-0.6386277194],[-0.3035904042,0.7070993739,0.6386261362]],"events":[],"pos_i":[6378563.7647239882,2321.4448051099,-133.9497369922],"time":4.7032958313,"vel_i":[181.1590209662,525.7401081147,-60.6484247762],"w_b":[0.0,0.0591790663,-0.0000225428]},"69":{"b2imat":[[0.8988305019,0.0000281877,0.4382963928],[0.3099006608,0.7071153945,-0.6355701372],[-0.309944042,0.7070981672,0.6355681496]],"events":[],"pos_i":[6378595.0507118898,2410.9117564648,-144.4739039885],"time":4.8730319623,"vel_i":[187.4751498192,528.4575567595,-63.3668103369],"w_b":[0.0,0.0580296147,-0.0000237435]},"70":{"b2imat":[[0.8920371227,0.0000341582,0.4519621339],[0.3195591017,0.7071174939,-0.6307668589],[-0.3196118773,0.7070960675,0.6307641391]],"events":[],"pos_i":[6378647.6910055671,2556.0176199907,-162.4109132035],"time":5.1464604876,"vel_i":[197.5411431364,532.9447200473,-67.8556333013],"w_b":[0.0,0.0529102284,-0.000024838]},"71":{"b2imat":[[0.8790615057,0.000049206,0.4767083665],[0.3370453556,0.7071230933,-0.621592599],[-0.3371220808,0.707090467,0.6215881064]],"events":[],"pos_i":[6378797.4532687915,2939.6462552324,-215.0087641908],"time":5.8582221067,"vel_i":[223.1484033354,545.1191697601,-80.0352857822],"w_b":[0.0,0.0220021408,-0.0000213135]},"72":{"b2imat":[[0.8784630197,0.0000503447,0.4778103394],[0.3378236547,0.7071235305,-0.6211694542],[-0.3379022067,0.7070900297,0.6211648643]],"events":[],"pos_i":[6378811.3298039977,2973.4122363803,-219.9948475873],"time":5.9201032307,"vel_i":[225.3409647254,546.1987446533,-81.1153704593],"w_b":[0.0,0.0185193016,-0.0000205569]},"73":{"b2imat":[[0.8781563355,0.0000509997,0.4783737532],[0.3382215225,0.7071237826,-0.6209526211],[-0.3383011263,0.7070897775,0.6209479805]],"events":[],"pos_i":[6378819.6240863204,2993.4704334659,-222.9837073881],"time":5.9568049144,"vel_i":[226.6431822233,546.8411859151,-81.7581183968],"w_b":[0.0,0.0164352421,-0.0000200788]},"74":{"b2imat":[[0.8778859896,0.0000516388,0.4788696967],[0.3385716942,0.7071240289,-0.6207614804],[-0.3386523247,0.7070895311,0.6207567945]],"events":[],"pos_i":[6378827.9662657296,3013.5522665103,-225.9962144685],"time":5.9935065981,"vel_i":[227.9507022955,547.4865984487,-82.403841123],"w_b":[0.0,0.0143442653,-0.0000195803]},"75":{"b2imat":[[0.8776683465,0.0000522154,0.4792684745],[0.3388532092,0.7071242514,-0.6206076019],[-0.3389347666,0.7070893086,0.6206028792]],"events":[],"pos_i":[6378835.7289072257,3032.1572219627,-228.8051276326],"time":6.0274705475,"vel_i":[229.1597615602,548.0842292243,-83.0017615255],"w_b":[0.0,0.0124080927,-0.0000191015]},"76":{"b2imat":[[0.8770902595,0.0000545101,0.4803255912],[0.339598857,0.7071251388,-0.6201988829],[-0.3396841075,0.707088421,0.62019406]],"events":[],"pos_i":[6378869.370198613,3111.9073760883,-241.0399513541],"time":6.172639257,"vel_i":[234.3157784955,550.6394967015,-85.5582934428],"w_b":[0.0,0.0042345767,-0.0000168919]},"77":{"b2imat":[[0.8780567874,0.0000590505,0.4785564486],[0.3383442197,0.7071268953,-0.6208822295],[-0.3384367992,0.707086664,0.6208775906]],"events":[],"pos_i":[6378960.1723536728,3320.6368380763,-274.5254890237],"time":6.5494434955,"vel_i":[247.626488373,557.2402680134,-92.1625230797],"w_b":[0.0,-0.0138245235,-0.000010527]},"78":{"b2imat":[[0.8814528321,0.0000615707,0.4722720624],[0.3338984458,0.7071278598,-0.6232832565],[-0.3339951087,0.7070856993,0.6232792963]],"events":[],"pos_i":[6379055.9721664302,3531.832280271,-310.4783487982],"time":6.9262477339,"vel_i":[260.8463614758,563.715256804,-98.6411637304],"w_b":[0.0,-0.0219349674,-0.0000050323]},"79":{"b2imat":[[0.8829268846,0.0000621162,0.4695105031],[0.3319452852,0.7071280657,-0.624325417],[-0.3320428346,0.7070854933,0.6243217608]],"events":[],"pos_i":[6379093.7665768573,3612.9059279079,-324.8086345064],"time":7.0697591983,"vel_i":[265.8609715875,566.1364575947,-101.0637920881],"w_b":[0.0,-0.0213215249,-0.0000036754]},"80":{"b2imat":[[0.8831368214,0.0000621833,0.4691154982],[0.33166592,0.7071280909,-0.6244738429],[-0.3317635785,0.7070854681,0.6244702304]],"events":[],"pos_i":[6379099.3876442136,3624.8628599287,-326.9461982372],"time":7.0908728247,"vel_i":[266.5977124272,566.4904817917,-101.4180277096],"w_b":[0.0,-0.0210438238,-0.0000035231]},"81":{"b2imat":[[0.883343597,0.0000622477,0.4687260241],[0.331390468,0.707128115,-0.6246200338],[-0.331488231,0.7070854439,0.6246164644]],"events":[],"pos_i":[6379105.0242633102,3636.8272605942,-329.0912350804],"time":7.1119864512,"vel_i":[267.3340924394,566.8439205189,-101.7716781902],"w_b":[0.0,-0.0207186084,-0.0000033842]},"82":{"b2imat":[[0.8851409316,0.0000628005,0.4653230353],[0.3289837428,0.7071283215,-0.6258907523],[-0.3290824032,0.7070852374,0.6258875608]],"events":[],"pos_i":[6379162.242770195,3756.8789299171,-350.9495132162],"time":7.3231227154,"vel_i":[274.6535677998,570.33900842,-105.2688982094],"w_b":[0.0,-0.0150202381,-0.0000027796]},"83":{"b2imat":[[0.8862511841,0.0000634956,0.4632049594],[0.3274854785,0.7071285789,-0.626675701],[-0.3275852559,0.70708498,0.6266727465]],"events":[],"pos_i":[6379231.0457755821,3898.0911705576,-377.4159764727],"time":7.5698512943,"vel_i":[283.0346815047,574.320255391,-109.2526623323],"w_b":[0.0,-0.0036683186,-0.0000039019]},"84":{"b2imat":[[0.884178666,0.0000662334,0.4671488864],[0.3302720769,0.7071295943,-0.6252104381],[-0.3303762123,0.7070839642,0.6252070264]],"events":[],"pos_i":[6379364.8360940944,4164.1537325937,-429.3787527755],"time":8.030216379,"vel_i":[298.0532652742,581.5138707201,-116.4510626427],"w_b":[0.0,0.0232463869,-0.0000102492]},"85":{"b2imat":[[0.881739958,0.0000681703,0.4717357753],[0.3335139555,0.7071303224,-0.6234862858],[-0.3336211741,0.7070832359,0.623482325]],"events":[],"pos_i":[6379420.2643295061,4271.5198537996,-451.0875061642],"time":8.2144012813,"vel_i":[303.7950555491,584.3335651404,-119.272717903],"w_b":[0.0,0.032868062,-0.000013592]},"86":{"b2imat":[[0.8804633684,0.0000691527,0.4741141761],[0.335194956,0.7071306952,-0.6225837465],[-0.3353037403,0.707082863,0.6225794941]],"events":[],"pos_i":[6379444.037961103,4317.1147096116,-460.4310757181],"time":8.292350907,"vel_i":[306.1739800624,585.5202426496,-120.4602358022],"w_b":[0.0,0.0363180723,-0.0000150124]},"87":{"b2imat":[[0.8790606187,0.00007023,0.4767099994],[0.3370296209,0.7071311067,-0.6215920145],[-0.3371401239,0.7070824513,0.6215874386]],"events":[],"pos_i":[6379467.9958408251,4362.8019503631,-469.867095993],"time":8.3703005327,"vel_i":[308.5242085445,586.704731151,-121.6455720251],"w_b":[0.0,0.0393091029,-0.0000164007]},"88":{"b2imat":[[0.8776365572,0.00007133,0.4793266822],[0.3388790165,0.70713153,-0.6205852169],[-0.3389912765,0.7070820279,0.6205803092]],"events":[],"pos_i":[6379490.7513644882,4405.9620557538,-478.8484221914],"time":8.4437939973,"vel_i":[310.7269130193,587.8250654758,-122.7667144487],"w_b":[0.0,0.0416862765,-0.0000176717]},"89":{"b2imat":[[0.8747112286,0.000073634,0.4846444687],[0.3426374159,0.7071324261,-0.6185170435],[-0.3427533628,0.7070811315,0.6185114434]],"events":[],"pos_i":[6379534.4705110202,4488.267837157,-496.1563511877],"time":8.5835570207,"vel_i":[314.8843170001,589.968347989,-124.9115596842],"w_b":[0.0,0.044851651,-0.0000199102]},"90":{"b2imat":[[0.8710461378,0.0000766548,0.491201201],[0.3472713012,0.70713362,-0.6159258777],[-0.347392097,0.7070799372,0.6159193886]],"events":[],"pos_i":[6379586.6575025767,4585.5076278249,-516.9094041167],"time":8.748024875,"vel_i":[319.7220507895,592.5137243201,-127.4588218807],"w_b":[0.0,0.046006404,-0.0000220726]},"91":{"b2imat":[[0.8631004283,0.0000841765,0.5050323192],[0.3570453029,0.7071366776,-0.6103084227],[-0.3571782499,0.7070768785,0.6102999145]],"events":[],"pos_i":[6379706.8729484724,4805.6940602815,-565.1166500265],"time":9.1178306726,"vel_i":[330.383395409,598.3280018513,-133.277542044],"w_b":[0.0,0.0378280388,-0.0000241131]},"92":{"b2imat":[[0.8576991837,0.0000916266,0.5141518276],[0.3634876932,0.7071398009,-0.6064899],[-0.3636327916,0.707073754,0.6064799248]],"events":[],"pos_i":[6379832.3806452379,5030.5326543429,-616.0667046447],"time":9.4917458501,"vel_i":[340.895936901,604.3009257686,-139.2552528329],"w_b":[0.0,0.0174516452,-0.0000214375]},"93":{"b2imat":[[0.857228745,0.0000926853,0.5149357922],[0.3640411713,0.7071402501,-0.6061573164],[-0.3641880067,0.7070733046,0.6061472078]],"events":[],"pos_i":[6379852.4358130442,5066.0268411666,-624.2672817051],"time":9.5504360695,"vel_i":[342.5289581966,605.2430716732,-140.1981762869],"w_b":[0.0,0.013696327,-0.0000206231]},"94":{"b2imat":[[0.8568789111,0.0000936768,0.5155177231],[0.364451844,0.7071406714,-0.6059099967],[-0.3646003085,0.7070728831,0.6058997879]],"events":[],"pos_i":[6379872.1062658178,5100.7295192329,-632.3261829585],"time":9.6077290299,"vel_i":[344.1325974773,606.1685132832,-141.1243855819],"w_b":[0.0,0.0100059094,-0.0000197463]},"95":{"b2imat":[[0.8565975028,0.0000948329,0.515985183],[0.3647814366,0.7071411635,-0.6057110518],[-0.364931804,0.7070723908,0.6057007615]],"events":[],"pos_i":[6379896.4043842144,5143.4472325575,-642.3021944463],"time":9.6781346824,"vel_i":[346.0986226204,607.3053209313,-142.2621449418],"w_b":[0.0,0.0055065416,-0.0000185736]},"96":{"b2imat":[[0.8565384654,0.0000971147,0.5160831791],[0.3648488471,0.7071421356,-0.6056693147],[-0.3650029808,0.7070714183,0.6056590074]],"events":[],"pos_i":[6379950.4274164224,5237.8485015512,-664.5645474957],"time":9.8332580863,"vel_i":[350.41508479,609.8050454899,-144.7639967205],"w_b":[0.0,-0.0038560346,-0.000015727]},"97":{"b2imat":[[0.8579811523,0.0001001318,0.5136811581],[0.3631478582,0.7071434178,-0.6066892283],[-0.3633069987,0.7070701356,0.6066793617]],"events":[],"pos_i":[6380045.1045562606,5401.4577762572,-703.8416875527],"time":10.1006164933,"vel_i":[357.8208846196,614.0811029951,-149.0438059367],"w_b":[0.0,-0.0160121821,-0.0000106646]},"98":{"b2imat":[[0.8622903904,0.0001030041,0.5064141308],[0.3580068929,0.7071446234,-0.6097356363],[-0.358170835,0.7070689294,0.6097271372]],"events":[],"pos_i":[6380207.7538037598,5677.432098253,-772.0155002497],"time":10.5474665524,"vel_i":[370.1536795888,621.0846029064,-156.0537573101],"w_b":[0.0,-0.0173167954,-0.0000053159]},"99":{"b2imat":[[0.8640825003,0.000104832,0.5033501977],[0.3558388536,0.7071453781,-0.6110025568],[-0.3560058185,0.7070681744,0.6109946431]],"events":[],"pos_i":[6380350.7432273543,5915.1207023077,-832.5718452989],"time":10.9283731729,"vel_i":[380.6201700538,626.9140291603,-161.8888146401],"w_b":[0.0,0.001035142,-0.0000068257]},"100":{"b2imat":[[0.8616212028,0.0001079144,0.5075518604],[0.3588073726,0.7071466532,-0.6092625708],[-0.3589793476,0.7070668987,0.6092538294]],"events":[],"pos_i":[6380492.485127382,6146.5724932076,-893.1015124332],"time":11.2959298893,"vel_i":[390.623036825,632.4947278225,-167.4750723443],"w_b":[0.0,0.0252510034,-0.0000131692]},"101":{"b2imat":[[0.855843728,0.0001127134,0.5172344733],[0.365650117,0.7071486774,-0.6051782712],[-0.3658298854,0.7070648735,0.6051675466]],"events":[],"pos_i":[6380624.9766229903,6359.5165788286,-950.1186679221],"time":11.6312443214,"vel_i":[399.6012101056,637.6349634707,-172.620536081],"w_b":[0.0,0.0398322925,-0.0000199925]},"102":{"b2imat":[[0.8471382122,0.000120765,0.5313725949],[0.3756406921,0.7071521855,-0.5990240871],[-0.375833633,0.7070613636,0.5990102739]],"events":[],"pos_i":[6380793.723823959,6626.497153183,-1023.3842205784],"time":12.047825853,"vel_i":[410.5034030597,644.1613474934,-179.1537038433],"w_b":[0.0,0.0353279692,-0.0000242053]},"103":{"b2imat":[[0.8422461974,0.0001278983,0.5390930591],[0.381093978,0.7071553849,-0.5955658163],[-0.3812987316,0.7070581626,0.5955501926]],"events":[],"pos_i":[6380944.6017445391,6861.6466650325,-1089.5447252857],"time":12.4112395097,"vel_i":[419.8076961391,649.964494492,-184.9630660867],"w_b":[0.0,0.013153038,-0.0000212687]},"104":{"b2imat":[[0.8421472425,0.0001333453,0.5392476277],[0.3811987002,0.7071578539,-0.595495861],[-0.3814126017,0.7070556922,0.5954802057]],"events":[],"pos_i":[6381098.8386949794,7098.9110280885,-1157.8223874038],"time":12.7746531663,"vel_i":[429.0064230613,655.7832864633,-190.7883261317],"w_b":[0.0,-0.0108750512,-0.000013996]},"105":{"b2imat":[[0.8437235139,0.0001353154,0.5367779928],[0.3794507291,0.7071587432,-0.5966101373],[-0.3796679813,0.7070548024,0.5965951142]],"events":[],"pos_i":[6381183.0352968695,7227.1784817544,-1195.3555377771],"time":12.9697835612,"vel_i":[433.9736552273,658.8972570317,-193.9058612724],"w_b":[0.0,-0.0181964281,-0.0000100843]},"106":{"b2imat":[[0.8457321274,0.0001367292,0.533607674],[0.3772077641,0.7071593766,-0.5980300316],[-0.3774274383,0.7070541686,0.5980158287]],"events":[],"pos_i":[6381268.2017704248,7356.0506127299,-1233.4940654248],"time":13.1649139561,"vel_i":[438.9457200618,661.9790671038,-196.9912788598],"w_b":[0.0,-0.0191315919,-0.0000073302]},"107":{"b2imat":[[0.8479599637,0.0001382777,0.5300602613],[0.3746980428,0.7071600638,-0.5996048873],[-0.3749203602,0.7070534811,0.5995916096]],"events":[],"pos_i":[6381390.1269391999,7539.0603373141,-1288.3713785171],"time":13.4404762896,"vel_i":[445.9738276378,666.2747314901,-201.2920956944],"w_b":[0.0,-0.0092656565,-0.0000066307]},"108":{"b2imat":[[0.8476671765,0.000140643,0.5305283574],[0.3750270682,0.7071611082,-0.5993979188],[-0.3752533223,0.707052436,0.5993845149]],"events":[],"pos_i":[6381539.4447689457,7760.8937402287,-1355.9846566408],"time":13.7721470941,"vel_i":[454.4167662754,671.3935744707,-206.4172282704],"w_b":[0.0,0.0135616125,-0.0000110163]},"109":{"b2imat":[[0.8437950987,0.0001443404,0.5366654549],[0.379363612,0.7071627565,-0.5966607794],[-0.3795959446,0.7070507867,0.5966457104]],"events":[],"pos_i":[6381679.2103190236,7966.3765277928,-1419.6583089754],"time":14.077130417,"vel_i":[462.113426209,676.1166629853,-211.1462136841],"w_b":[0.0,0.0325446865,-0.0000177607]},"110":{"b2imat":[[0.8356879208,0.0001516659,0.5492045848],[0.3882240717,0.7071661065,-0.590929918],[-0.3884684918,0.7070474347,0.5909112928]],"events":[],"pos_i":[6381869.3940873463,8242.9175859624,-1506.9170670842],"time":14.4842185276,"vel_i":[472.2112716238,682.5409938411,-217.5786642751],"w_b":[0.0,0.0355477999,-0.0000239494]},"111":{"b2imat":[[0.8306896086,0.0001581754,0.5567357982],[0.3935440065,0.7071691635,-0.5873967051],[-0.3937993004,0.7070443757,0.5873758266]],"events":[],"pos_i":[6382026.1291218968,8468.4248453729,-1579.3980271218],"time":14.8133364052,"vel_i":[480.2257434345,687.8456731177,-222.8901625767],"w_b":[0.0,0.0170422115,-0.0000224818]},"112":{"b2imat":[[0.8296220493,0.0001618176,0.5583253792],[0.394664927,0.7071708935,-0.5866420737],[-0.3949263863,0.7070426445,0.5866207021]],"events":[],"pos_i":[6382128.4696667623,8614.598206785,-1627.0112272031],"time":15.0253150478,"vel_i":[485.3454344305,691.2881643398,-226.3371654401],"w_b":[0.0,0.0010436448,-0.0000186444]},"113":{"b2imat":[[0.8303371866,0.0001646795,0.5572612755],[0.3939100397,0.7071722538,-0.5871475827],[-0.3941764034,0.7070412833,0.5871265508]],"events":[],"pos_i":[6382231.8942436762,8761.501003508,-1675.3548277104],"time":15.2372936903,"vel_i":[490.4562183346,694.7237076094,-229.7773000577],"w_b":[0.0,-0.0122864953,-0.0000138624]},"114":{"b2imat":[[0.8334158983,0.000167578,0.5526462813],[0.3906442249,0.7071736219,-0.5893238142],[-0.3909156301,0.7070399143,0.589304276]],"events":[],"pos_i":[6382392.9968194487,8988.7379621362,-1751.0850078323],"time":15.5631547828,"vel_i":[498.3309902956,699.9485127923,-235.0092810126],"w_b":[0.0,-0.0182144019,-0.0000082172]},"115":{"b2imat":[[0.8342304692,0.0001681374,0.5514159009],[0.3897737259,0.7071738837,-0.5898996023],[-0.3900461083,0.7070396523,0.5898804653]],"events":[],"pos_i":[6382435.5649568094,9048.4625373048,-1771.1760770879],"time":15.6483994427,"vel_i":[500.3985462135,701.3016265452,-236.3642905863],"w_b":[0.0,-0.0161607404,-0.0000075952]},"116":{"b2imat":[[0.834898803,0.0001686561,0.5504034522],[0.3890573655,0.7071741257,-0.5903720202],[-0.3893306499,0.7070394101,0.5903532141]],"events":[],"pos_i":[6382477.2608396281,9106.8353130875,-1790.886337711],"time":15.7315560091,"vel_i":[502.4303182406,702.6222701851,-237.6867940504],"w_b":[0.0,-0.0128069413,-0.000007429]},"117":{"b2imat":[[0.8355012872,0.0001693646,0.5494884623],[0.3884097599,0.7071744554,-0.5907978909],[-0.3886842643,0.7070390802,0.5907793849]],"events":[],"pos_i":[6382533.4731715759,9185.3309637478,-1817.5056234109],"time":15.8431338673,"vel_i":[505.1594532412,704.387921886,-239.4549510976],"w_b":[0.0,-0.0065280873,-0.0000079074]},"118":{"b2imat":[[0.8349298069,0.0001716862,0.550356419],[0.3890215425,0.7071755348,-0.5903939382],[-0.3892999574,0.707038,0.5903751431]],"events":[],"pos_i":[6382678.0919647533,9386.24441898,-1886.2275117028],"time":16.1274597567,"vel_i":[512.1128885261,708.8733601387,-243.9468295249],"w_b":[0.0,0.0143780809,-0.0000122895]},"119":{"b2imat":[[0.8312380291,0.0001753089,0.5559166377],[0.392950202,0.7071772344,-0.5877843974],[-0.3932346343,0.7070362992,0.5877637229]],"events":[],"pos_i":[6382822.7445909334,9585.7708373777,-1955.3009553916],"time":16.4080500636,"vel_i":[518.9362229087,713.3259525134,-248.4058801434],"w_b":[0.0,0.0315615322,-0.0000187376]},"120":{"b2imat":[[0.8296773942,0.0001766916,0.5582431282],[0.3945941313,0.7071778901,-0.5866812621],[-0.3948808592,0.7070356431,0.5866597876]],"events":[],"pos_i":[6382866.8196009994,9646.2941725655,-1976.4149296011],"time":16.4928161278,"vel_i":[520.9836443177,714.6838733206,-249.7657779835],"w_b":[0.0,0.0342964305,-0.0000205101]},"121":{"b2imat":[[0.8290958359,0.0001772103,0.5591064865],[0.3952041868,0.707178137,-0.5862701878],[-0.3954917766,0.707035396,0.5862484144]],"events":[],"pos_i":[6382882.4959457079,9667.7912592661,-1983.932410597],"time":16.522885115,"vel_i":[521.7080901154,715.1673492827,-250.2499585661],"w_b":[0.0,0.0349093831,-0.0000210782]},"122":{"b2imat":[[0.8289676465,0.0001773252,0.5592965309],[0.395338473,0.7071781918,-0.5861795772],[-0.3956262538,0.7070353411,0.5861577378]],"events":[],"pos_i":[6382885.9169648942,9672.4804939683,-1985.5734838402],"time":16.5294414668,"vel_i":[521.8659199521,715.2728964347,-250.355659594],"w_b":[0.0,0.0350171476,-0.0000211971]},"123":{"b2imat":[[0.8288390353,0.0001774407,0.5594871061],[0.395473134,0.7071782469,-0.5860886685],[-0.3957611068,0.707035286,0.5860667629]],"events":[],"pos_i":[6382889.3388721254,9677.1703508991,-1987.2151802703],"time":16.5359978186,"vel_i":[521.9509013345,715.3437587665,-250.4266506002],"w_b":[0.0,0.0351155369,-0.0000213141]},"124":{"b2imat":[[0.8287579364,0.00