{"b2imat": [[[0.9396926207859084, -1.249000902703301e-16, 0.34202014332566855], [0.24184476264797528, 0.7071067811865475, -0.6644630243886748], [-0.24184476264797505, 0.7071067811865476, 0.6644630243886747]], [[0.9396926207859084, -1.249000902703301e-16, 0.34202014332566855], [0.24184476264797528, 0.7071067811865475, -0.6644630243886748], [-0.24184476264797505, 0.7071067811865476, 0.6644630243886747]], [[0.9396926207859084, -1.249000902703301e-16, 0.34202014332566855], [0.24184476264797528, 0.7071067811865475, -0.6644630243886748], [-0.24184476264797505, 0.7071067811865476, 0.6644630243886747]], [[0.9396926207859084, -1.249000902703301e-16, 0.34202014332566855], [0.24184476264797528, 0.7071067811865475, -0.6644630243886748], [-0.24184476264797505, 0.7071067811865476, 0.6644630243886747]], [[0.9396926207859084, -1.249000902703301e-16, 0.34202014332566855], [0.24184476264797528, 0.7071067811865475, -0.6644630243886748], [-0.24184476264797505, 0.7071067811865476, 0.6644630243886747]], [[0.9396926207859084, -1.249000902703301e-16, 0.34202014332566855], [0.24184476264797528, 0.7071067811865475, -0.6644630243886748], [-0.24184476264797505, 0.7071067811865476, 0.6644630243886747]], [[0.9396926207859084, -1.249000902703301e-16, 0.34202014332566855], [0.24184476264797528, 0.7071067811865475, -0.6644630243886748], [-0.24184476264797505, 0.7071067811865476, 0.6644630243886747]], [[0.9396926207859084, -1.249000902703301e-16, 0.34202014332566855], [0.24184476264797528, 0.7071067811865475, -0.6644630243886748], [-0.24184476264797505, 0.7071067811865476, 0.6644630243886747]], [[0.9396926207859084, -1.249000902703301e-16, 0.34202014332566855], [0.24184476264797528, 0.7071067811865475, -0.6644630243886748], [-0.24184476264797505, 0.7071067811865476, 0.6644630243886747]], [[0.9396926207859084, -1.249000902703301e-16, 0.34202014332566855], [0.24184476264797528, 0.7071067811865475, -0.6644630243886748], [-0.24184476264797505, 0.7071067811865476, 0.6644630243886747]], [[0.9396926207859084, -1.249000902703301e-16, 0.34202014332566855], [0.24184476264797528, 0.7071067811865475, -0.6644630243886748], [-0.24184476264797505, 0.7071067811865476, 0.6644630243886747]], [[0.9396926207859084, -1.249000902703301e-16, 0.34202014332566855], [0.24184476264797528, 0.7071067811865475, -0.6644630243886748], [-0.24184476264797505, 0.7071067811865476, 0.6644630243886747]], [[0.9396926207859084, -1.249000902703301e-16, 0.34202014332566855], [0.24184476264797528, 0.7071067811865475, -0.6644630243886748], [-0.24184476264797505, 0.7071067811865476, 0.6644630243886747]], [[0.9396926207859084, -1.249000902703301e-16, 0.34202014332566855], [0.24184476264797528, 0.7071067811865475, -0.6644630243886748], [-0.24184476264797505, 0.7071067811865476, 0.6644630243886747]], [[0.9396926207859084, -1.249000902703301e-16, 0.34202014332566855], [0.24184476264797528, 0.7071067811865475, -0.6644630243886748], [-0.24184476264797505, 0.7071067811865476, 0.6644630243886747]], [[0.9396926207859084, -1.249000902703301e-16, 0.34202014332566855], [0.24184476264797528, 0.7071067811865475, -0.6644630243886748], [-0.24184476264797505, 0.7071067811865476, 0.6644630243886747]], [[0.9396926207859084, -1.249000902703301e-16, 0.34202014332566855], [0.24184476264797528, 0.7071067811865475, -0.6644630243886748], [-0.24184476264797505, 0.7071067811865476, 0.6644630243886747]], [[0.9396926207859084, -1.249000902703301e-16, 0.34202014332566855], [0.24184476264797528, 0.7071067811865475, -0.6644630243886748], [-0.24184476264797505, 0.7071067811865476, 0.6644630243886747]], [[0.9396926207859084, -1.249000902703301e-16, 0.34202014332566855], [0.24184476264797528, 0.7071067811865475, -0.6644630243886748], [-0.24184476264797505, 0.7071067811865476, 0.6644630243886747]], [[0.9396926207859084, -1.249000902703301e-16, 0.34202014332566855], [0.24184476264797528, 0.7071067811865475, -0.6644630243886748], [-0.24184476264797505, 0.7071067811865476, 0.6644630243886747]], [[0.9396926207859084, -1.249000902703301e-16, 0.34202014332566855], [0.24184476264797528, 0.7071067811865475, -0.6644630243886748], [-0.24184476264797505, 0.7071067811865476, 0.6644630243886747]], [[0.9396926207859084, -1.249000902703301e-16, 0.34202014332566855], [0.24184476264797528, 0.7071067811865475, -0.6644630243886748], [-0.24184476264797505, 0.7071067811865476, 0.6644630243886747]], [[0.9396926207859084, -1.249000902703301e-16, 0.34202014332566855], [0.24184476264797528, 0.7071067811865475, -0.6644630243886748], [-0.24184476264797505, 0.7071067811865476, 0.6644630243886747]], [[0.9396926207859084, -1.249000902703301e-16, 0.34202014332566855], [0.24184476264797528, 0.7071067811865475, -0.6644630243886748], [-0.24184476264797505, 0.7071067811865476, 0.6644630243886747]], [[0.9396926207859084, -1.249000902703301e-16, 0.34202014332566855], [0.24184476264797528, 0.7071067811865475, -0.6644630243886748], [-0.24184476264797505, 0.7071067811865476, 0.6644630243886747]], [[0.9396926207859084, -1.249000902703301e-16, 0.34202014332566855], [0.24184476264797528, 0.7071067811865475, -0.6644630243886748], [-0.24184476264797505, 0.7071067811865476, 0.6644630243886747]], [[0.9396926207859084, -1.249000902703301e-16, 0.34202014332566855], [0.24184476264797528, 0.7071067811865475, -0.6644630243886748], [-0.24184476264797505, 0.7071067811865476, 0.6644630243886747]], [[0.9396926207859084, -1.249000902703301e-16, 0.34202014332566855], [0.24184476264797528, 0.7071067811865475, -0.6644630243886748], [-0.24184476264797505, 0.7071067811865476, 0.6644630243886747]], [[0.9396926207859084, -1.249000902703301e-16, 0.34202014332566855], [0.24184476264797528, 0.7071067811865475, -0.6644630243886748], [-0.24184476264797505, 0.7071067811865476, 0.6644630243886747]], [[0.9396926207859084, -1.249000902703301e-16, 0.34202014332566855], [0.24184476264797528, 0.7071067811865475, -0.6644630243886748], [-0.24184476264797505, 0.7071067811865476, 0.6644630243886747]], [[0.9396926207859084, -1.249000902703301e-16, 0.34202014332566855], [0.24184476264797528, 0.7071067811865475, -0.6644630243886748], [-0.24184476264797505, 0.7071067811865476, 0.6644630243886747]], [[0.9396926207859084, -1.249000902703301e-16, 0.34202014332566855], [0.24184476264797528, 0.7071067811865475, -0.6644630243886748], [-0.24184476264797505, 0.7071067811865476, 0.6644630243886747]], [[0.9396926207859084, -1.249000902703301e-16, 0.34202014332566855], [0.24184476264797528, 0.7071067811865475, -0.6644630243886748], [-0.24184476264797505, 0.7071067811865476, 0.6644630243886747]], [[0.9396926207859084, -1.249000902703301e-16, 0.34202014332566855], [0.24184476264797528, 0.7071067811865475, -0.6644630243886748], [-0.24184476264797505, 0.7071067811865476, 0.6644630243886747]], [[0.9396926207859084, -1.249001704287761e-16, 0.34202014332566855], [0.24184476264797528, 0.7071067811865475, -0.6644630243886748], [-0.24184476264797505, 0.7071067811865476, 0.6644630243886747]], [[0.9396926207859084, -1.249003987189846e-16, 0.34202014332566855], [0.24184476264797528, 0.7071067811865475, -0.6644630243886748], [-0.24184476264797505, 0.7071067811865476, 0.6644630243886747]], [[0.9396926207859085, -1.2491080809757002e-16, 0.3420201433256684], [0.24184476264797514, 0.7071067811865475, -0.6644630243886748], [-0.24184476264797491, 0.7071067811865476, 0.6644630243886747]], [[0.9396926207859142, -1.2581507734138062e-16, 0.34202014332565284], [0.24184476264796415, 0.7071067811865475, -0.6644630243886788], [-0.2418447626479639, 0.7071067811865476, 0.6644630243886787]], [[0.9396926207861863, -1.66986580349188e-16, 0.3420201433249053], [0.2418447626474356, 0.7071067811865475, -0.6644630243888712], [-0.24184476264743526, 0.7071067811865476, 0.6644630243888711]], [[0.939692620792544, -6.945744325162632e-16, 0.34202014330743763], [0.24184476263508445, 0.7071067811865474, -0.6644630243933668], [-0.24184476263508334, 0.7071067811865477, 0.6644630243933667]], [[0.9396926200910479, 3.099988515270123e-13, 0.34202014523478225], [0.2418447639976891, 0.7071067811866273, -0.6644630238973341], [-0.24184476399815558, 0.7071067811864677, 0.664463023897334]], [[0.9396924075710382, 7.395181396182644e-11, 0.3420207291281421], [0.24184517681722875, 0.7071067812055802, -0.6644628736229942], [-0.24184517692852434, 0.7071067811675148, 0.6644628736229939]], [[0.9396887869450892, 1.3636725583461609e-09, 0.34203067653306624], [0.2418522097242052, 0.7071067815375164, -0.6644603134538392], [-0.241852211776502, 0.7071067808355787, 0.6644603134538275]], [[0.9395697226773251, 5.024843031679864e-08, 0.34235761453203206], [0.24208335301260359, 0.7071067941261994, -0.6643761223093058], [-0.2420834286402955, 0.7071067682468937, 0.6643761222960968]], [[0.9394062252432493, 1.2418767970746968e-07, 0.34280598590780986], [0.2424003438023901, 0.7071068131911995, -0.6642605121961375], [-0.24240053073111031, 0.7071067491818832, 0.6642605121205917]], [[0.9393877196115583, 1.328484116854165e-07, 0.3428566934493041], [0.2424361929296977, 0.707106815426165, -0.6642474267437003], [-0.2424363928966978, 0.7071067469469159, 0.6642474266577127]], [[0.9393767601549503, 1.3800052579118011e-07, 0.3428867196039842], [0.2424574207491047, 0.7071068167558833, -0.664239677240873], [-0.24245762847246496, 0.7071067456171966, 0.6642396771483698]], [[0.9393658447498342, 1.4314842542767968e-07, 0.34291662210721313], [0.24247856113685942, 0.7071068180846453, -0.6642319588872644], [-0.24247877661032513, 0.7071067442884333, 0.6642319587880255]], [[0.9393527174846327, 1.4936070990435404e-07, 0.34295258003727713], [0.24250398255672267, 0.7071068196883179, -0.6642226765132361], [-0.24250420738283276, 0.7071067426847591, 0.6642226764055702]], [[0.939340471534398, 1.5517628045946444e-07, 0.34298612003625184], [0.24252769453968528, 0.7071068211897531, -0.6642140173228757], [-0.2425279281213017, 0.7071067411833225, 0.664214017207026]], [[0.9393243537716095, 1.628596513207685e-07, 0.34303025874043985], [0.24255889953287568, 0.7071068231736622, -0.664202620349135], [-0.24255914468219894, 0.7071067391994114, 0.6642026202220379]], [[0.939293695648288, 1.7756214934262408e-07, 0.3431141986501888], [0.24261824294431517, 0.7071068269707711, -0.6641809417936854], [-0.24261851022954936, 0.7071067354022985, 0.6641809416436931]], [[0.9391876696569808, 2.2921693460763272e-07, 0.34340431151086154], [0.24282334482715115, 0.7071068403195483, -0.6641059701435192], [-0.2428236898888899, 0.7071067220535044, 0.6641059698990043]], [[0.938420457365271, 6.291094801694707e-07, 0.3454953620498895], [0.24430163964312349, 0.7071069440734707, -0.6635634698435193], [-0.24430258710472424, 0.7071066182993068, 0.6635634681711077]], [[0.9357745791932827, 2.1861396614320176e-06, 0.352598832855532], [0.2493233771236291, 0.707107354283495, -0.6616925593793377], [-0.24932667437627118, 0.707106208085756, 0.6616925418433895]], [[0.9250583341799664, 9.540737245373272e-06, 0.37982506255729565], [0.2685696401727622, 0.7071094046566893, -0.654115156650803], [-0.2685841145994159, 0.7071041576423069, 0.6541148856023192]], [[0.9187089134605116, 1.4307427304675097e-05, 0.39493535166780847], [0.2792505751202307, 0.7071108214562909, -0.6496255863273769], [-0.2792723554108038, 0.7071027407489712, 0.649625019118959]], [[0.9165538146027016, 1.5978430332555203e-05, 0.3999113708753457], [0.2827678660989174, 0.7071113331924275, -0.6481017638530626], [-0.2827922182673581, 0.7071022289708309, 0.648101071599656]], [[0.9159824944051632, 1.6425868450238273e-05, 0.40121823182273014], [0.2836916115418052, 0.7071114715014064, -0.6476977970849428], [-0.2837166532961725, 0.7071020906497918, 0.6476970696072555]], [[0.915640684516579, 1.6694461510745117e-05, 0.401997682148514], [0.2842425590823481, 0.7071115547845407, -0.6474561117429242], [-0.2842680149749537, 0.7071020073592524, 0.6474553627760203]], [[0.9152966340413725, 1.696549866247188e-05, 0.40278042566413], [0.2847958333049497, 0.7071116390204609, -0.6472128422943222], [-0.2848217072453312, 0.7071019231157337, 0.6472120713835603]], [[0.9149791472689014, 1.7216220516409277e-05, 0.40350112718572173], [0.28530525281717745, 0.7071117171162958, -0.6469883555123142], [-0.2853315135968556, 0.7071018450127572, 0.6469875640727533]], [[0.9146598439291791, 1.746897154938097e-05, 0.40422440484433503], [0.28581649230685835, 0.707111796012585, -0.646762584417202], [-0.2858431431787814, 0.7071017661091586, 0.6467617720611634]], [[0.9143185889582731, 1.7739761691676567e-05, 0.40499570052548134], [0.2863616716772615, 0.7071118807267323, -0.6465212920438633], [-0.286388740618462, 0.707101681387058, 0.6465204570338666]], [[0.9139753639394117, 1.8012810156229832e-05, 0.4057696805588493], [0.2869087473570756, 0.7071119663424791, -0.6462786068577739], [-0.2869362379959799, 0.7071015957631629, 0.6462777487509653]], [[0.9136518660025512, 1.82708073492299e-05, 0.40649756123463493], [0.28742323742595505, 0.7071120474181813, -0.6460498703044599], [-0.2874511266478375, 0.707101514679643, 0.6460489901418904]], [[0.9133333622771941, 1.8525434789159963e-05, 0.4072126826140316], [0.2879287078507752, 0.7071121276052056, -0.6458246651574878], [-0.28795699057374974, 0.7071014344847901, 0.6458237630081247]], [[0.9129493834902195, 1.883322143843274e-05, 0.40807281544304064], [0.28853667569646396, 0.7071122247580439, -0.6455531645902777], [-0.28856543423690506, 0.7071013373223386, 0.6455522355761304]], [[0.9126666941116313, 1.9060391432268492e-05, 0.4087046671736446], [0.28898328668634937, 0.7071122966216133, -0.645353283031257], [-0.28901239653131355, 0.7071012654515684, 0.6453523339887526]], [[0.9123828666359876, 1.9288969765790436e-05, 0.4093378850906736], [0.289430862577765, 0.7071123690651391, -0.6451525968632045], [-0.28946032600351407, 0.7071011930007066, 0.6451516274982416]], [[0.9121011161400644, 1.9516368444891297e-05, 0.4099653075915476], [0.28987434135464335, 0.7071124412681951, -0.6449533793730398], [-0.2899041566341063, 0.7071011207902623, 0.644952389622781]], [[0.9117891043337383, 1.976876866213538e-05, 0.4106587740459799], [0.29036450085941273, 0.7071125215649796, -0.6447327651232247], [-0.2903947067913176, 0.7071010404851716, 0.644731752552242]], [[0.9112381615710424, 2.021595038339012e-05, 0.4118798518517435], [0.2912275870441181, 0.7071126642276628, -0.6443432102304456], [-0.29125848539494825, 0.7071008978074997, 0.6443421567319506]], [[0.9097960661567882, 2.1395741285829006e-05, 0.41505555943912786], [0.2934722371137951, 0.7071130430424114, -0.6433235502758191], [-0.2935049640509159, 0.7071005189515303, 0.6433223858320649]], [[0.9048069742723679, 2.5591039644526986e-05, 0.42582195636985853], [0.3010819678120031, 0.7071144179001067, -0.639795942932592], [-0.30112121785089613, 0.7070991439274215, 0.6397943519239709]], [[0.8995188006700042, 3.0273172899938717e-05, 0.43688205067066466], [0.30889897683969014, 0.7071160011489276, -0.6360569022998667], [-0.3089455441045601, 0.7070975604559, 0.6360547859359014]], [[0.8862571348141101, 4.415241135358399e-05, 0.46319357606470135], [0.32749308132825505, 0.7071209594029515, -0.6266803255154705], [-0.32756155534367365, 0.7070926013073637, 0.6266765358382064]], [[0.8822913650518874, 5.0254525244211206e-05, 0.47070366951537207], [0.33279865630925215, 0.7071232393590463, -0.6238764129618037], [-0.332876856178843, 0.7070903208451181, 0.623872003475515]], [[0.8817890535607626, 5.133116164224348e-05, 0.47164399948626745], [0.33346270924673344, 0.707123645998129, -0.6235212672757063], [-0.33354263060082573, 0.7070899141095318, 0.6235167735268802]], [[0.8813814263850354, 5.2361964798939907e-05, 0.47240531151499676], [0.3340002132828555, 0.7071240362300782, -0.6232330662325706], [-0.33408178432288627, 0.7070895237831686, 0.6232285027761832]], [[0.8807048508630352, 5.547117813176134e-05, 0.4736654541500155], [0.3348887763178232, 0.7071252169603933, -0.6227547149303874], [-0.3349753319701959, 0.707088342756169, 0.6227500320696133]], [[0.8825117174301065, 6.0081241708554555e-05, 0.4702904048073879], [0.33249854796314376, 0.7071269656580277, -0.6240321866492471], [-0.3325925195581725, 0.7070865935863269, 0.6240278559783615]], [[0.8850210756868059, 6.158069241069404e-05, 0.4655509549588624], [0.3291460399224523, 0.7071275274312594, -0.6258063153124189], [-0.32924243325953273, 0.707086031651575, 0.6258024959339055]], [[0.8856190674837919, 6.181083244040486e-05, 0.46441238501323495], [0.3283407631550825, 0.7071276128913214, -0.6262290972718733], [-0.32843752895337375, 0.7070859461664069, 0.6262254021049407]], [[0.8858491186880669, 6.189254066807968e-05, 0.4639734205253679], [0.3280303022465619, 0.7071276431662863, -0.626391744047372], [-0.3281272003243951, 0.7070859158825094, 0.626388096869986]], [[0.8860609667464951, 6.196513508475089e-05, 0.46356872115546127], [0.3277440778076256, 0.7071276700331711, -0.626541521104606], [-0.32784109342090845, 0.70708588900768, 0.6265379182167172]], [[0.8872908975978261, 6.236109234628311e-05, 0.46121021130961426], [0.3260760390988362, 0.7071278160238121, -0.6274110841096079], [-0.3261736954918025, 0.7070857429735721, 0.627407740138156]], [[0.8884420688540429, 6.280233553854728e-05, 0.45898876479858997], [0.32450488376889913, 0.7071279776456328, -0.6282249625520431], [-0.3246032510089847, 0.7070855813030447, 0.6282218637394505]], [[0.88899266944826, 6.391686876894454e-05, 0.45792142278651643], [0.3237492705727998, 0.707128383674142, -0.6286142368245163], [-0.323849414598473, 0.7070851751500874, 0.6286112564054511]], [[0.8857986929748807, 6.726785942344909e-05, 0.4640696831990964], [0.328094089046624, 0.7071296132601737, -0.6263561117415153], [-0.3281995492412208, 0.7070839451759265, 0.6263524170026182]], [[0.8843801127436618, 6.846840392176581e-05, 0.4667674060611636], [0.330000713903641, 0.7071300595785625, -0.6253531862845766], [-0.33010808059191277, 0.7070834987131978, 0.6253491671923306]], [[0.8836804772939184, 6.90526634141537e-05, 0.46809059929334595], [0.3309358885366057, 0.707130277986429, -0.6248585500463999], [-0.3310441837482745, 0.7070832802340653, 0.6248543695554892]], [[0.8832890210464703, 6.93786337442841e-05, 0.46882886040735117], [0.3314576588411592, 0.7071304001847294, -0.6245817940533401], [-0.3315664723095326, 0.7070831579957128, 0.6245775228518372]], [[0.8828864834240667, 6.97135357716613e-05, 0.4695864695586857], [0.33199310309140195, 0.7071305259882329, -0.6242972037804699], [-0.33210244918143744, 0.7070830321508418, 0.6242928389984765]], [[0.8802907686670903, 7.188133692613094e-05, 0.4744345658758747], [0.33541949890009104, 0.7071313465850075, -0.6224620617894219], [-0.3355322968394667, 0.7070822112809426, 0.6224570862318821]], [[0.8773137169912866, 7.442474124699178e-05, 0.4799173223641116], [0.33929436325557266, 0.7071323230121023, -0.6203573266651674], [-0.3394112209505987, 0.7070812345215123, 0.6203516348112219]], [[0.8728922628482054, 7.841626188872315e-05, 0.48791299549804684], [0.34494496096310345, 0.7071338837740181, -0.6172314349233086], [-0.3450682124321946, 0.7070796732119821, 0.6172246466497298]], [[0.8665383726887319, 8.502084327444311e-05, 0.4991104499936563], [0.35285743524603796, 0.7071365349775388, -0.6127393827911664], [-0.35299132979862546, 0.7070770210319497, 0.6127309420514682]], [[0.8625120558255924, 9.064714355552649e-05, 0.5060365058006031], [0.35775032955531716, 0.7071388487625274, -0.6098929006030774], [-0.3578933571929638, 0.7070747063457317, 0.6098833531548135]], [[0.8618627702115632, 9.190040685049074e-05, 0.5071415549349557], [0.358530695575295, 0.7071393693722839, -0.6094338787319181], [-0.35867576656058686, 0.7070741855265851, 0.6094241466960462]], [[0.8616112077625881, 9.245670383192567e-05, 0.5075688307746363], [0.3588323711452055, 0.7071396009223581, -0.6092560333372533], [-0.3589783502392352, 0.7070739538825667, 0.6092462291491867]], [[0.861391875328794, 9.299335909308282e-05, 0.507940969339999], [0.35909507447454614, 0.7071398245336804, -0.6091009735493472], [-0.3592419302781105, 0.7070737301800363, 0.6090911061175156]], [[0.8610874007517001, 9.386901520193043e-05, 0.5084569591613122], [0.35945921836570216, 0.7071401898343469, -0.6088857217780107], [-0.3596075061269977, 0.7070733647293268, 0.6088757659486718]], [[0.8606655786730846, 9.68566336479136e-05, 0.5091706513246517], [0.35996142474600823, 0.7071414386885007, -0.6085875108121552], [-0.36011461265325134, 0.7070721153519984, 0.6085774308806954]], [[0.8617798840025541, 9.995403222094256e-05, 0.507282388224198], [0.35862366646113153, 0.7071427319224183, -0.6093752722876572], [-0.3587819633805879, 0.707070821557848, 0.6093655356078218]], [[0.8655685761438636, 0.00010280631909752155, 0.5007904045502409], [0.3540307703008686, 0.707143910255434, -0.6120536772229039], [-0.3541938078777023, 0.7070696426940667, 0.612045150928243]], [[0.8675684873869451, 0.0001048112505637902, 0.4973177139011023], [0.3515735553327373, 0.7071447251877064, -0.6134674993477448], [-0.3517398964233592, 0.7070688273809025, 0.613459630730739]], [[0.8651891424997119, 0.00010807492874360491, 0.50144564597744], [0.35448980072688724, 0.7071460535849544, -0.6117854525930815], [-0.35466142830949915, 0.7070674983472469, 0.6117767762632502]], [[0.8593030816363809, 0.00011336174667291865, 0.5114667153303656], [0.3615714874583893, 0.7071482487196306, -0.6076244018434969], [-0.36175167338776276, 0.7070653021340203, 0.6076136809231657]], [[0.8511270713416706, 0.00012154002688525369, 0.5249597065505611], [0.3711058053240572, 0.707151755111679, -0.6018445616763828], [-0.371299326054347, 0.7070617939547387, 0.601830898112742]], [[0.8466902330287158, 0.0001285801182384101, 0.5320861138933853], [0.3761391306756803, 0.7071548574068186, -0.5987080773959438], [-0.3763442619538059, 0.7070586900060665, 0.5986927469912426]], [[0.8467374553429518, 0.0001338175180014875, 0.5320109619622944], [0.37608161349713093, 0.7071571874332135, -0.5987414568650682], [-0.3762954976405757, 0.7070563586832511, 0.5987261511065644]], [[0.8495459768841896, 0.00013667328253544176, 0.5275145631328862], [0.3728997585576706, 0.7071584496720223, -0.6007268073289463], [-0.37311848394912966, 0.7070550957159387, 0.6007126505044393]], [[0.852043903229627, 0.00013856655778227215, 0.5234703120552612], [0.37003843535132763, 0.7071592758502943, -0.6024925848996213], [-0.37026037212570395, 0.7070542690474304, 0.602479474648258]], [[0.8515333141617443, 0.00014107226522554217, 0.5243004814072086], [0.37062338065039985, 0.7071603638732429, -0.6021316545392961], [-0.37084946328730695, 0.7070531803657193, 0.6021183236129235]], [[0.8476620632669437, 0.00014500194413253297, 0.530536525892659], [0.37502971156516113, 0.7071620876487249, -0.5993951093832786], [-0.37526223068031755, 0.7070514555297465, 0.5993800942431631]], [[0.8406438014886985, 0.00015177656232161134, 0.5415883822770938], [0.38283898682947626, 0.7071651300407452, -0.5944340072164381], [-0.3830826399316791, 0.707048411226792, 0.5944158772123289]], [[0.8353791218708936, 0.0001590119159519913, 0.5496741737447377], [0.38855049038963774, 0.7071684640144602, -0.5907125187717976], [-0.38880617148486935, 0.7070450750967999, 0.5906919863252361]], [[0.8347344048572165, 0.0001642273322291429, 0.5506527455685244], [0.3892380388407328, 0.7071708960938513, -0.5902567854331235], [-0.38950253181743366, 0.7070426413924428, 0.5902359535584929]], [[0.8371181363073441, 0.00016733175404813302, 0.5470221181014311], [0.3866681264680524, 0.7071723382847828, -0.5919417571450414], [-0.3869379610038, 0.7070411982090694, 0.5919220880171965]], [[0.8384320613476315, 0.00016831122382332628, 0.5450061008855472], [0.3852417369346517, 0.7071727895327132, -0.5928705168766061], [-0.38551327143784303, 0.7070407466446701, 0.592851499148625]], [[0.8394762368702006, 0.00016919782058601163, 0.5433963736804973], [0.38410272259112305, 0.707173195997797, -0.5936085993933942], [-0.3843757875505479, 0.7070403398918329, 0.5935901040481286]], [[0.8399726179969196, 0.0001707922829951852, 0.5426287604541986], [0.38355858713920504, 0.7071739243542317, -0.5939594690369014], [-0.38383435369159025, 0.7070396110144264, 0.5939412237721883]], [[0.8379372265326857, 0.00017373387029147726, 0.5457665929993272], [0.3857749259145544, 0.7071752721823614, -0.5925207514196424], [-0.38605557987571026, 0.7070382622109961, 0.592501464074013]], [[0.8365033738030334, 0.00017517210293938786, 0.5479617457064991], [0.38732594426200373, 0.7071759362014666, -0.5915072341675964], [-0.3876089760886953, 0.707037597707727, 0.5914872078046347]], [[0.8348013960473103, 0.00017680301576572283, 0.5505511762997083], [0.38915559977656006, 0.7071766939123352, -0.5903041950242591], [-0.38944132824707317, 0.7070368394418448, 0.5902832874464649]], [[0.8344111947774435, 0.0001771753631462789, 0.551142383115114], [0.389573338078532, 0.7071768676216701, -0.590028382429715], [-0.3898596825978111, 0.7070366656048989, 0.5900072722334901]], [[0.8342486265057422, 0.00017733076364872784, 0.5513884271127933], [0.3897471888633279, 0.7071769401989639, -0.589913471568024], [-0.3900337905531432, 0.7070365929742471, 0.5898922768908564]], [[0.8341417681651414, 0.00017743303172812605, 0.5515500693016799], [0.38986140251362794, 0.7071769879869862, -0.5898379391029661], [-0.3901481734665376, 0.7070365451510786, 0.5898166888745303]], [[0.8340460651170903, 0.00017752471768827196, 0.5516947793612968], [0.3899636520910418, 0.7071770308472749, -0.5897702917266373], [-0.39025057480720277, 0.707036502259259, 0.5897489917320792]], [[0.8339500391672441, 0.00017761681163988604, 0.551839922850873], [0.39006620780491674, 0.7071770739145431, -0.5897024161149672], [-0.39035328297387295, 0.707036459160299, 0.58968106617302]], [[0.8338564046792782, 0.00017770671571989803, 0.5519813988011807], [0.3901661719825484, 0.707177115973427, -0.589636230906365], [-0.39045339599325957, 0.7070364170704572, 0.5896148322480232]], [[0.8336495501375902, 0.00017790573278158255, 0.5522937585486376], [0.390386878898251, 0.7071772091325631, -0.5894900165236345], [-0.390674432445115, 0.7070363238427213, 0.5894685101971274]], [[0.8334613148573441, 0.00017808737816745504, 0.552577781627157], [0.39058756311446036, 0.7071772942261462, -0.589356963125717], [-0.3908754174969457, 0.7070362386864428, 0.5893353587678911]], [[0.8332596128795318, 0.0001782826674913179, 0.5528818911720481], [0.39080243927262964, 0.7071773857814673, -0.5892143908725634], [-0.3910906171582905, 0.7070361470636282, 0.5891926814120574]], [[0.8328830789266497, 0.00017864929105730328, 0.5534489540589377], [0.39120310949709414, 0.7071775578567593, -0.5889482394039632], [-0.3914918949152151, 0.7070359748613791, 0.5889263335773639]], [[0.8323940154142928, 0.0001791302061955939, 0.5541842390772914], [0.3917226358084831, 0.7071777839582807, -0.5886025470422154], [-0.3920122185909027, 0.7070357485928308, 0.588580385844259]], [[0.831753965832441, 0.00017976942564707098, 0.5551444026843804], [0.39240104363267364, 0.7071780851510703, -0.5881501311327982], [-0.3926916870839416, 0.7070354471771689, 0.5881276351639255]], [[0.8308311517967064, 0.00018071587714909578, 0.556524540674324], [0.39337616231560507, 0.7071785324716601, -0.5874978451420478], [-0.39366837814694, 0.7070349995247767, 0.5874748653410797]], [[0.829942400547573, 0.00018166325766971243, 0.5578490643522047], [0.39431195370877964, 0.7071789818106055, -0.586869636939205], [-0.3946057459826637, 0.7070345498515446, 0.5868461897866016]], [[0.8288562983121603, 0.00018288565705528614, 0.5594615296228481], [0.395451119659092, 0.7071795638161829, -0.5861019334506563], [-0.3957469501278196, 0.7070339674114602, 0.5860779131688055]], [[0.8256104974219939, 0.00018743645891695188, 0.5642404374385257], [0.3988264988052421, 0.7071817495945273, -0.5838076710737445], [-0.39912996658231154, 0.7070317799844623, 0.5837819214238034]], [[0.8253188681562257, 0.00018800120176076983, 0.5646669198275315], [0.3991275902535018, 0.7071820225577994, -0.5836015366522496], [-0.39943201222535546, 0.7070315068132453, 0.583575629971178]], [[0.8250783883265566, 0.00018851808392856794, 0.5650182451956938], [0.39937557737778434, 0.7071822726403082, -0.5834315567149452], [-0.39968087411990394, 0.7070312565397804, 0.58340552024453]], [[0.8248013013298635, 0.00018920351512362646, 0.5654226537319058], [0.3996609562126812, 0.7071826045997643, -0.5832357017056079], [-0.3999674152107471, 0.7070309243261734, 0.5832095152939228]], [[0.824357440816876, 0.00019083673931238844, 0.5660695833356756], [0.400117014108061, 0.7071833967314884, -0.5829219658941818], [-0.4004262536569452, 0.7070301315846823, 0.5828955380914075]], [[0.8244271049592728, 0.00019340409661004678, 0.5659681183865037], [0.4000430633475058, 0.707184643097009, -0.5829712067921293], [-0.40035671082504365, 0.7070288842491596, 0.5829448180128199]], [[0.8253969918703772, 0.00019549401762934077, 0.5645527144740884], [0.3990404073794313, 0.7071856556397746, -0.5836567498531786], [-0.39935768293151697, 0.7070278709071031, 0.5836309028464834]], [[0.8262005695509899, 0.0001964969636011915, 0.5633760556583882], [0.39820750676836597, 0.7071861398078817, -0.5842247385470128], [-0.39852653644843, 0.7070273863525872, 0.5841993449218427]], [[0.8267015438807889, 0.0001970266583575377, 0.5626406653915589], [0.39768704281790773, 0.7071863948665884, -0.5845788388264853], [-0.39800700137875444, 0.7070271310891073, 0.5845537294985473]], [[0.8271885964225999, 0.00019751098371530558, 0.5619243603586346], [0.39718011365667033, 0.7071866276369725, -0.5849230982962607], [-0.3975009221256269, 0.7070268981310806, 0.5848982664888667]], [[0.8280997522089342, 0.0001984221494489384, 0.5605807353511111], [0.39622922878372413, 0.707187064365788, -0.585567121826807], [-0.3965516340599254, 0.7070264610482053, 0.5855428121113909]], [[0.8285545894267798, 0.0001989394360124087, 0.5599082537251625], [0.3957532610054171, 0.7071873116548513, -0.5858886093374228], [-0.3960765690747666, 0.7070262135575208, 0.585864561725437]], [[0.8286830051026414, 0.0001991049465097506, 0.5597181766191944], [0.3956187121817735, 0.7071873906899718, -0.5859793758607217], [-0.3959423082373624, 0.7070261344577932, 0.5859554024451024]], [[0.8288021096365444, 0.00019927129150925328, 0.5595417975268744], [0.3954938488321873, 0.7071874700856667, -0.5860635610606703], [-0.3958177338429346, 0.7070260549971172, 0.5860396565454584]], [[0.8289377203161195, 0.00019948231498535902, 0.5593408762736377], [0.39535159311113033, 0.7071875707564703, -0.5861594130485582], [-0.39567584395341354, 0.7070259542438088, 0.5861355870877039]], [[0.8291015861797016, 0.00019978825212165697, 0.5590979517987855], [0.39517955510301, 0.7071877166213829, -0.5862752362174258], [-0.3955043348049801, 0.7070258082591392, 0.5862515053449695]], [[0.8293369720030669, 0.00020056600232675232, 0.5587487328564634], [0.39493195175506496, 0.7071880871254073, -0.5864416107544037], [-0.3952580678219735, 0.7070254374498744, 0.5864180168904395]], [[0.8293200269823098, 0.00020139148000091975, 0.5587738828132295], [0.3949490319316886, 0.7071884802000586, -0.5864296339390859], [-0.39527655489406766, 0.7070250440499285, 0.5864060301109933]], [[0.829292797211017, 0.00020153396875661185, 0.558814294470557], [0.3949774863579845, 0.7071885480612308, -0.586410387591108], [-0.3953052511552244, 0.7070249761324617, 0.5863867677968683]], [[0.8292585434124516, 0.00020167898277264097, 0.5588651244528386], [0.3950133056436112, 0.707188617133256, -0.5863861765722629], [-0.39534131629340985, 0.7070249070030994, 0.5863625366800936]], [[0.8292094658813021, 0.00020185205654318277, 0.5589379400033897], [0.395064647452326, 0.7071886995836789, -0.5863514879557239], [-0.3953929511926774, 0.7070248244841851, 0.5863278192474869]], [[0.8290983877441223, 0.00020216838164332642, 0.5591026939612099], [0.39518087865705354, 0.7071888503230994, -0.5862729765526541], [-0.39550971721384554, 0.7070246736194139, 0.5862492425547744]], [[0.8288484695796803, 0.00020271620346323956, 0.5594731210775031], [0.3954423481717126, 0.7071891115566091, -0.5860963314008993], [-0.3957721106577669, 0.7070244121682893, 0.5860724502455671]], [[0.8279163974396336, 0.00020417664194206147, 0.5608514928117069], [0.3964157775635753, 0.7071898095079375, -0.5854375325687374], [-0.396747993033219, 0.7070237136334441, 0.5854131005515244]], [[0.8275126615658966, 0.00020470378511226864, 0.561447016975893], [0.3968364351994729, 0.7071900621033993, -0.5851521679646614], [-0.39716953366659796, 0.707023460826125, 0.5851274966037476]], [[0.8270638386799246, 0.0002052552619065647, 0.5621079651143076], [0.3973033346156229, 0.7071903267913149, -0.5848349356095942], [-0.39763735598906774, 0.7070231959158563, 0.5848099977533]], [[0.8265961947495627, 0.00020580387442249308, 0.5627954231307775], [0.3977889820514372, 0.7071905905668933, -0.5845044005698407], [-0.39812392092245225, 0.7070229319183463, 0.5844791846115488]], [[0.8257415887406668, 0.00020676305395620485, 0.5640485667916562], [0.3986742867329995, 0.7071910529071924, -0.5839003576804259], [-0.3990108288613432, 0.7070224691882547, 0.5838746324576789]], [[0.8241646981011483, 0.00020845853251914422, 0.5663501626869417], [0.40030034395024755, 0.7071918739383891, -0.5827857993999181], [-0.40063971952840466, 0.7070216474624736, 0.5827591312617186]], [[0.8229369867855724, 0.00020975714324017523, 0.5681326179765286], [0.4015596443395773, 0.7071925061429135, -0.5819180450944578], [-0.40190119139509356, 0.7070210147210949, 0.581890640078717]], [[0.8217460162079621, 0.00021102453209083475, 0.5698538761310932], [0.4027756968239841, 0.7071931259659251, -0.5810762605268566], [-0.40311936535093257, 0.7070203943700568, 0.5810481383991623]], [[0.8198106326042254, 0.0002131454116573835, 0.5726346837773043], [0.40474024606472003, 0.7071941693059433, -0.5797083232355084], [-0.40508747167885845, 0.7070193501373997, 0.5796790307863309]], [[0.8192780054757012, 0.0002137508497164694, 0.5733964630872528], [0.40527839664750553, 0.707194468507491, -0.5793318607125042], [-0.4056266396345591, 0.7070190506789631, 0.5793022450405784]], [[0.8187522283713827, 0.00021436112833861831, 0.5741469693491745], [0.4058085714172935, 0.707194770694213, -0.5789602400686881], [-0.40615784090399015, 0.7070187482323697, 0.578930304815185]], [[0.8179326671987901, 0.0002153428108097973, 0.5753139189896133], [0.40663290261787993, 0.7071952580015307, -0.578380972614145], [-0.4069838255560919, 0.7070182605050757, 0.5783505381352787]], [[0.8160893144512444, 0.0002177444105439786, 0.5779257592913719], [0.40847772336514465, 0.7071964561044869, -0.5770780899506243], [-0.40883270439088604, 0.7070170613645946, 0.5770465273035335]], [[0.8156189219456947, 0.00021841967122975423, 0.5785894280780017], [0.40894643564839245, 0.7071967943870318, -0.5767456169686593], [-0.4093025613910293, 0.7070167227877672, 0.5767137650953447]], [[0.8151742193727367, 0.00021909192530080883, 0.579215800799164], [0.4093887772991328, 0.7071971317280242, -0.5764313019003692], [-0.4097460444204553, 0.7070163851526955, 0.5763991760235831]], [[0.8147340027626541, 0.00021979825806392803, 0.5798348525724447], [0.40982591233471605, 0.7071974867439245, -0.5761201578103933], [-0.410184380672888, 0.7070160298266251, 0.5760877600968934]], [[0.8138475647107046, 0.00022140090534208208, 0.5810783873306027], [0.4107038572785042, 0.7071982942479074, -0.5754936265005777], [-0.4110650591544517, 0.7070152216144219, 0.5754606793353623]], [[0.8129437219772835, 0.0002235338663096098, 0.5823422144727028], [0.41159568932205937, 0.7071993725146488, -0.5748547955438523], [-0.4119605481788998, 0.7070141423956796, 0.5748212844962349]], [[0.812624309426555, 0.0002246124614066605, 0.5827878525714968], [0.4119098737795478, 0.7071999189426523, -0.5746290372438567], [-0.4122765909417748, 0.7070135954822573, 0.5745953256666286]], [[0.8124164307108489, 0.0002256425370249806, 0.5830776037742572], [0.41211386828554125, 0.7072004412878438, -0.5744821105329437], [-0.41248236629510815, 0.7070130726710259, 0.5744482678893917]], [[0.8123484070903874, 0.00022618067153747765, 0.5831723708875909], [0.41218041226991653, 0.7072007143027755, -0.57443403219519], [-0.4125498431285021, 0.7070127994116858, 0.5744001465145696]], [[0.8123125062315586, 0.00022666118691247358, 0.5832223766893295], [0.41221535442671275, 0.7072009581307, -0.5744086579320148], [-0.4125856197461364, 0.7070125553649858, 0.5743747494869782]], [[0.8123009284112954, 0.00022713056002199368, 0.5832385017644977], [0.4122263482725681, 0.7072011963249161, -0.5744004749474446], [-0.412597430092155, 0.7070123169565838, 0.5743665591469368]], [[0.8123128405157519, 0.00022758984092723496, 0.5832219107361576], [0.4122142164423103, 0.7072014293972219, -0.5744088943729523], [-0.41258609855728595, 0.7070120836742405, 0.574374986162477]], [[0.8123448380849593, 0.00022801354748666568, 0.5831773417007756], [0.4121823315705444, 0.7072016443990556, -0.5744315099415427], [-0.41255495319342717, 0.7070118684782417, 0.5743976221571028]], [[0.8124356714054083, 0.0002286712040646519, 0.5830507931254049], [0.4120922730680523, 0.7072019780428432, -0.5744957098562835], [-0.4124660448234365, 0.7070115345323378, 0.5744618802141696]], [[0.8128788865993336, 0.00023028539819866937, 0.5824327107197047], [0.41165380520662714, 0.7072027962313395, -0.5748089678970385], [-0.41203041174963323, 0.7070107155985761, 0.5747754237399822]], [[0.814267582699685, 0.00023295198200742255, 0.5804896634087959], [0.4102775055856419, 0.7072041435232934, -0.5757904720532501], [-0.4106588267668271, 0.7070093670644398, 0.5757578334637816]], [[0.8157269397969464, 0.00023514708751677137, 0.5784371220988882], [0.4088241943795843, 0.7072052465999553, -0.5768219111517738], [-0.40920940556893476, 0.7070082629554936, 0.5767902377986793]], [[0.8167723044320733, 0.0002372589819055323, 0.5769600906887098], [0.40777791743140057, 0.7072063027863787, -0.5775607459548351], [-0.408166844065829, 0.7070072057676619, 0.5775297726621516]], [[0.8169147244899144, 0.00023779968694183267, 0.5767584209957443], [0.4076348434718304, 0.7072065726605166, -0.5776614041866021], [-0.40802471386656447, 0.7070069356357652, 0.5776305270242261]], [[0.8169993351146627, 0.0002383539814464162, 0.5766385604832602], [0.407549607196789, 0.7072068492011403, -0.5777212044144768], [-0.40794044163648474, 0.7070066588302941, 0.5776903845143226]], [[0.8170041171177626, 0.0002392778685613564, 0.5766317847512005], [0.407544016187865, 0.7072073100422762, -0.5777245843874121], [-0.40793645008593993, 0.7070061975462946, 0.5776937676967471]], [[0.816923652834404, 0.0002398658782731966, 0.5767457739166213], [0.4076241118456335, 0.7072076033953315, -0.5776677150882373], [-0.408017559313788, 0.7070059039104217, 0.5776368435623533]], [[0.8167950135441949, 0.00024041555084859824, 0.5769279399338614], [0.40775245023987194, 0.7072078777285992, -0.5775767974177689], [-0.40814684244686633, 0.7070056293120828, 0.5775458380379261]], [[0.8165720642490546, 0.00024109444107882423, 0.5772434543484544], [0.4079749707449368, 0.7072082167693878, -0.5774192249076104], [-0.4083705265568681, 0.7070052899429633, 0.5773881129236939]], [[0.8149992622478507, 0.00024402275612853445, 0.5794619425078954], [0.4095411835182643, 0.7072096836613873, -0.5763076281391878], [-0.40994172923061706, 0.7070038216222424, 0.576275433070184]], [[0.8126617299558111, 0.00024716514010550736, 0.5827356616865865], [0.4118533884536965, 0.7072112692598309, -0.5746555550627787], [-0.41225926176511674, 0.7070022344669732, 0.5746217377204469]], [[0.8094575615885424, 0.0002510202013364664, 0.5871783313463461], [0.4149915647098921, 0.7072132342356575, -0.5723909873984595], [-0.41540396848544486, 0.707000267546484, 0.5723549288413834]], [[0.8061640133712404, 0.0002549926209298301, 0.5916920806894648], [0.4181798938149005, 0.7072152829199315, -0.5700632595833969], [-0.41859904417093863, 0.706998216817585, 0.570024878009033]], [[0.8032235512234199, 0.00025884544403619015, 0.5956776473779806], [0.420994826590377, 0.70721729210014, -0.5679850857655439], [-0.42142055309496723, 0.7069962056146991, 0.5679446122544272]], [[0.8018290681981766, 0.0002608866307245719, 0.5975534094600259], [0.422319439830566, 0.7072183646081213, -0.5669995374033563], [-0.422748667603