{"b2imat": [[[0.6127962870647643, -0.002024802205570437, -0.7902383252764116], [0.0012407938171348338, 0.9999979500859133, -0.0016000795839716457], [0.7902399452004072, 3.2526065174565133e-19, 0.6127975432470807]], [[0.6127962870647643, -0.002024802205570437, -0.7902383252764116], [0.0012407938171348338, 0.9999979500859133, -0.0016000795839716457], [0.7902399452004072, 3.2526065174565133e-19, 0.6127975432470807]], [[0.6127962870647643, -0.002024802205570437, -0.7902383252764116], [0.0012407938171348338, 0.9999979500859133, -0.0016000795839716457], [0.7902399452004072, 3.2526065174565133e-19, 0.6127975432470807]], [[0.6127962870647643, -0.002024802205570437, -0.7902383252764116], [0.0012407938171348338, 0.9999979500859133, -0.0016000795839716457], [0.7902399452004072, 3.2526065174565133e-19, 0.6127975432470807]], [[0.6127962870647643, -0.002024802205570437, -0.7902383252764116], [0.0012407938171348338, 0.9999979500859133, -0.0016000795839716457], [0.7902399452004072, 3.2526065174565133e-19, 0.6127975432470807]], [[0.6127962870647643, -0.002024802205570437, -0.7902383252764116], [0.0012407938171348338, 0.9999979500859133, -0.0016000795839716457], [0.7902399452004072, 3.2526065174565133e-19, 0.6127975432470807]], [[0.6127962870647643, -0.002024802205570437, -0.7902383252764116], [0.0012407938171348338, 0.9999979500859133, -0.0016000795839716457], [0.7902399452004072, 3.2526065174565133e-19, 0.6127975432470807]], [[0.6127962870647643, -0.002024802205570437, -0.7902383252764116], [0.0012407938171348338, 0.9999979500859133, -0.0016000795839716457], [0.7902399452004072, 3.2526065174565133e-19, 0.6127975432470807]], [[0.6127962870647643, -0.002024802205570437, -0.7902383252764116], [0.0012407938171348338, 0.9999979500859133, -0.0016000795839716457], [0.7902399452004072, 3.2526065174565133e-19, 0.6127975432470807]], [[0.6127962870647643, -0.002024802205570437, -0.7902383252764116], [0.0012407938171348338, 0.9999979500859133, -0.0016000795839716457], [0.7902399452004072, 3.2526065174565133e-19, 0.6127975432470807]], [[0.6127962870647643, -0.002024802205570437, -0.7902383252764116], [0.0012407938171348338, 0.9999979500859133, -0.0016000795839716457], [0.7902399452004072, 3.2526065174565133e-19, 0.6127975432470807]], [[0.6127962870647643, -0.002024802205570437, -0.7902383252764116], [0.0012407938171348338, 0.9999979500859133, -0.0016000795839716457], [0.7902399452004072, 3.2526065174565133e-19, 0.6127975432470807]], [[0.6127962870647643, -0.002024802205570437, -0.7902383252764116], [0.0012407938171348338, 0.9999979500859133, -0.0016000795839716457], [0.7902399452004072, 3.2526065174565133e-19, 0.6127975432470807]], [[0.6127962870647643, -0.002024802205570437, -0.7902383252764116], [0.0012407938171348338, 0.9999979500859133, -0.0016000795839716457], [0.7902399452004072, 3.2526065174565133e-19, 0.6127975432470807]], [[0.6127962870647643, -0.002024802205570437, -0.7902383252764116], [0.0012407938171348338, 0.9999979500859133, -0.0016000795839716457], [0.7902399452004072, 3.2526065174565133e-19, 0.6127975432470807]], [[0.6127962870647643, -0.002024802205570437, -0.7902383252764116], [0.0012407938171348338, 0.9999979500859133, -0.0016000795839716457], [0.7902399452004072, 3.2526065174565133e-19, 0.6127975432470807]], [[0.6127962870647643, -0.002024802205570437, -0.7902383252764116], [0.0012407938171348338, 0.9999979500859133, -0.0016000795839716457], [0.7902399452004072, 3.2526065174565133e-19, 0.6127975432470807]], [[0.6127962870647643, -0.002024802205570437, -0.7902383252764116], [0.0012407938171348338, 0.9999979500859133, -0.0016000795839716457], [0.7902399452004072, 3.2526065174565133e-19, 0.6127975432470807]], [[0.6127962870647643, -0.002024802205570437, -0.7902383252764116], [0.0012407938171348338, 0.9999979500859133, -0.0016000795839716457], [0.7902399452004072, 3.2526065174565133e-19, 0.6127975432470807]], [[0.6127962870647643, -0.002024802205570437, -0.7902383252764116], [0.0012407938171348338, 0.9999979500859133, -0.0016000795839716457], [0.7902399452004072, 3.2526065174565133e-19, 0.6127975432470807]], [[0.6127962870647643, -0.002024802205570437, -0.7902383252764116], [0.0012407938171348338, 0.9999979500859133, -0.0016000795839716457], [0.7902399452004072, 3.2526065174565133e-19, 0.6127975432470807]], [[0.6127962870647643, -0.002024802205570437, -0.7902383252764116], [0.0012407938171348338, 0.9999979500859133, -0.0016000795839716457], [0.7902399452004072, 3.2526065174565133e-19, 0.6127975432470807]], [[0.6127962870647643, -0.002024802205570437, -0.7902383252764116], [0.0012407938171348338, 0.9999979500859133, -0.0016000795839716457], [0.7902399452004072, 3.2526065174565133e-19, 0.6127975432470807]], [[0.6127962870647643, -0.002024802205570437, -0.7902383252764116], [0.0012407938171348338, 0.9999979500859133, -0.0016000795839716457], [0.7902399452004072, 3.2526065174565133e-19, 0.6127975432470807]], [[0.6127962870647643, -0.002024802205570437, -0.7902383252764116], [0.0012407938171348338, 0.9999979500859133, -0.0016000795839716457], [0.7902399452004072, 3.2526065174565133e-19, 0.6127975432470807]], [[0.6127962870647643, -0.002024802205570437, -0.7902383252764116], [0.0012407938171348338, 0.9999979500859133, -0.0016000795839716457], [0.7902399452004072, 3.2526065174565133e-19, 0.6127975432470807]], [[0.6127962870647643, -0.002024802205570437, -0.7902383252764116], [0.0012407938171348338, 0.9999979500859133, -0.0016000795839716457], [0.7902399452004072, 3.2526065174565133e-19, 0.6127975432470807]], [[0.6127962870647643, -0.002024802205570437, -0.7902383252764116], [0.0012407938171348338, 0.9999979500859133, -0.0016000795839716457], [0.7902399452004072, 3.2526065174565133e-19, 0.6127975432470807]], [[0.6127962870647643, -0.002024802205570437, -0.7902383252764116], [0.0012407938171348338, 0.9999979500859133, -0.0016000795839716457], [0.7902399452004072, 3.2526065174565133e-19, 0.6127975432470807]], [[0.6127962870647643, -0.002024802205570437, -0.7902383252764116], [0.0012407938171348338, 0.9999979500859133, -0.0016000795839716457], [0.7902399452004072, 3.2526065174565133e-19, 0.6127975432470807]], [[0.6127962870647643, -0.002024802205570437, -0.7902383252764116], [0.0012407938171348338, 0.9999979500859133, -0.0016000795839716457], [0.7902399452004072, 3.2526065174565133e-19, 0.6127975432470807]], [[0.6127962870647643, -0.002024802205570437, -0.7902383252764116], [0.0012407938171348338, 0.9999979500859133, -0.0016000795839716457], [0.7902399452004072, 3.243588183658655e-19, 0.6127975432470807]], [[0.6127962870647643, -0.002024802205570437, -0.7902383252764116], [0.0012407938171348338, 0.9999979500859133, -0.0016000795839716457], [0.7902399452004072, 3.218138773836279e-19, 0.6127975432470807]], [[0.6127962870647643, -0.002024802205570437, -0.7902383252764116], [0.001240793817134834, 0.9999979500859133, -0.0016000795839716457], [0.7902399452004072, 2.0604578351086716e-19, 0.6127975432470807]], [[0.6127962870647643, -0.002024802205570445, -0.7902383252764116], [0.001240793817134847, 0.9999979500859133, -0.0016000795839716457], [0.7902399452004072, -9.983503566509961e-18, 0.6127975432470807]], [[0.612796287064767, -0.0020248022055708538, -0.7902383252764096], [0.0012407938171355194, 0.9999979500859133, -0.0016000795839716416], [0.7902399452004052, -5.371977378808896e-16, 0.6127975432470834]], [[0.612796287064854, -0.002024802205584456, -0.7902383252763421], [0.001240793817157893, 0.9999979500859133, -0.0016000795839715047], [0.7902399452003377, -1.807837329768153e-14, 0.6127975432471705]], [[0.6127962870669204, -0.0020248022059072717, -0.7902383252747389], [0.0012407938176888687, 0.9999979500859126, -0.0016000795839682586], [0.7902399451987345, -4.3436948275650077e-13, 0.6127975432492379]], [[0.6127962871139583, -0.0020248022132558644, -0.7902383252382441], [0.0012407938297760372, 0.9999979500858978, -0.0016000795838943638], [0.7902399451622397, -9.910848726149095e-12, 0.6127975432963002]], [[0.6127962878345127, -0.0020248023258228292, -0.7902383246791963], [0.0012407940149293374, 0.9999979500856698, -0.0016000795827624003], [0.7902399446031908, -1.5507313830031072e-10, 0.612797544017228]], [[0.6127962983327859, -0.0020248039657289035, -0.7902383165340289], [0.0012407967122949172, 0.9999979500823494, -0.0016000795662699933], [0.7902399364580067, -2.2698367115982165e-09, 0.6127975545209413]], [[0.612796389552532, -0.002024818210890803, -0.7902382457604762], [0.0012408201432049586, 0.9999979500535053, -0.0016000794229655796], [0.7902398656843086, -2.063987994318024e-08, 0.6127976457879436]], [[0.6128000023680825, -0.0020253812788997767, -0.7902354427184051], [0.0012417463077088013, 0.9999979489129555, -0.0016000737451262823], [0.7902370626361344, -7.467484137166277e-07, 0.6128012604716615]], [[0.6128139620216221, -0.002027549142582205, -0.7902246117375976], [0.001245312176834693, 0.999997944513851, -0.001600051766500845], [0.7902262316254406, -3.5422689622194178e-06, 0.6128152273226476]], [[0.6128712206400401, -0.002036378995473818, -0.7901801820292474], [0.0012598361724499927, 0.9999979264667279, -0.0015999609568941556], [0.790181801691235, -1.4927551445437034e-05, 0.6128725153350919]], [[0.6130758451577356, -0.002067486417946533, -0.7900213500811483], [0.0013109990207430154, 0.9999978612338478, -0.0015996278623403777], [0.7900229676191042, -5.502401268026455e-05, 0.6130772444045386]], [[0.6134055790680623, -0.002116641595307135, -0.7897652280244634], [0.0013918233108214705, 0.9999977529095643, -0.0015990633801974076], [0.7897668379946369, -0.00011833925574415507, 0.6134071466813653]], [[0.6136189105529705, -0.0021479444189864473, -0.7895994040946073], [0.0014432776942213143, 0.9999976805828329, -0.0015986802220313617], [0.7896010065604547, -0.00015863079113472006, 0.6136205873950036]], [[0.6137432492918996, -0.0021660304917883763, -0.7895027120032775], [0.00147300095224077, 0.9999976376093483, -0.0015984504738910078], [0.7895043091819172, -0.00018190005889945107, 0.6137449899555619]], [[0.6137797079190397, -0.00217131276939165, -0.7894743539518406], [0.0014816811860092812, 0.9999976248947582, -0.0015983822152053973], [0.7894759494548784, -0.00018869472789551447, 0.6137814673209174]], [[0.6138065347023237, -0.0021751936360369572, -0.7894534859568176], [0.0014880582726826707, 0.9999976155062831, -0.0015983317319596194], [0.7894550801909521, -0.00019368632897731432, 0.6138083078993831]], [[0.6138337559051692, -0.0021791264980979374, -0.789432309649826], [0.0014945205873087763, 0.9999976059513089, -0.0015982802836348614], [0.7894339025653558, -0.00019874444956561232, 0.6138355431066831]], [[0.6138594487772097, -0.0021828339173292047, -0.7894123208963931], [0.0015006122680057447, 0.9999975969065303, -0.0015982315181960933], [0.7894139125387656, -0.00020351229447379505, 0.6138612492029324]], [[0.613903945681163, -0.002189244192578197, -0.7893776996387504], [0.0015111445761409813, 0.9999975811818471, -0.0015981465906425932], [0.7893792890107835, -0.0002117553315633524, 0.6139057690236426]], [[0.6139815371275963, -0.0022003907320440495, -0.7893173191733859], [0.0015294573671447164, 0.9999975535797699, -0.001597997070473422], [0.789318904389472, -0.00022608649116998166, 0.6139834004745588]], [[0.6142161683634746, -0.0022338634546657, -0.7891346579481591], [0.0015844395586797923, 0.9999974687150817, -0.001597533947707851], [0.7891362290962043, -0.00026910498898661476, 0.6142181530289774]], [[0.6147354196217029, -0.0023067824656219957, -0.7887300188386299], [0.0017041597175693165, 0.9999972735881939, -0.0015964510126731815], [0.788731551100998, -0.0003627269429613376, 0.6147376747255524]], [[0.6159724470699548, -0.0024749075338850843, -0.7877638093257083], [0.0019798823364861407, 0.9999967703157138, -0.0015935570511594055], [0.7877652090036636, -0.0005780924150587735, 0.6159753576991326]], [[0.6182687057503344, -0.0027699215858528418, -0.7859619170317459], [0.002462584239998985, 0.9999957084460421, -0.0015870628088833372], [0.7859629400733025, -0.0009542661613291119, 0.6182728735820666]], [[0.6197055801380484, -0.0029451841697923638, -0.7848288474794828], [0.0027486300931071207, 0.9999949706805906, -0.0015822914194285444], [0.7848295604641675, -0.0011766493660963907, 0.619710558662585]], [[0.6200727419410897, -0.00298895537401224, -0.7845386292894909], [0.002819981593829323, 0.9999947740769711, -0.0015809878424671625], [0.7845392548531089, -0.0012320570277904379, 0.6200779302878076]], [[0.6204116003280054, -0.0030290068557879118, -0.7842705345070112], [0.0028852383218478405, 0.9999945898726593, -0.0015797548031926995], [0.7842710765916793, -0.0012827091952812002, 0.6204169832289014]], [[0.6207295659183452, -0.003066292189525667, -0.784018752229201], [0.0029459610641834567, 0.9999944146965664, -0.0015785718482518851], [0.7840192136091011, -0.0013298224995207284, 0.620735132132771]], [[0.6219715582186182, -0.0032092439414272166, -0.783033256969607], [0.003178526986974556, 0.9999937101754911, -0.001573713966743452], [0.7830333822598493, -0.0015100870108907696, 0.621977846795143]], [[0.6223783448522697, -0.003255157437478371, -0.7827097800647496], [0.0032531394702210227, 0.9999934728625002, -0.001572041978914349], [0.7827097884545323, -0.001567859194381772, 0.6223848719843775]], [[0.6226160042506578, -0.0032817793323535404, -0.7825206330668609], [0.0032963830037361064, 0.9999933328130933, -0.0015710469295018648], [0.7825205716848853, -0.0016013287531778193, 0.6226226711549995]], [[0.6228344222135871, -0.003306114182095521, -0.7823466955991342], [0.003335899427472693, 0.999993203224946, -0.001570120671076621], [0.7823465691628481, -0.0016319046929588045, 0.6228412178125305]], [[0.6236488731776761, -0.0033957327806421835, -0.7816972252625051], [0.0034813274098210584, 0.9999927130850107, -0.0015665683340727594], [0.7816968487487221, -0.001744355400187236, 0.6236561503589597]], [[0.6259147112885072, -0.0036355949769506474, -0.7798830403604058], [0.003869778718658128, 0.9999913019722564, -0.0015558896170440669], [0.7798819135005602, -0.002044120592180287, 0.6259233360130546]], [[0.6276238236883327, -0.0038072128625151213, -0.7785074444532039], [0.004146997995015157, 0.9999902044126049, -0.0015470896762145008], [0.7785057086152086, -0.0022574784730774343, 0.6276334642484238]], [[0.6286200607783426, -0.003903541885636626, -0.777702759123164], [0.004302335961702292, 0.999989556514179, -0.0015416769598067248], [0.7777006551960127, -0.0023768094839165233, 0.6286302901422836]], [[0.6288719566366562, -0.0039274660240010365, -0.7774989628074214], [0.004340885611188654, 0.9999893920744329, -0.0015402761819329248], [0.7774967645386676, -0.0024063975640719547, 0.6288823342905009]], [[0.6290337220190847, -0.00394273790075874, -0.7773680154088313], [0.004365487378571779, 0.9999892863728147, -0.0015393698503729286], [0.7773657563095808, -0.0024252747132287138, 0.6290441947588427]], [[0.6291963539292064, -0.003958019060767838, -0.7772363104534614], [0.004390099219868886, 0.9999891800365149, -0.0015384533590816112], [0.7772339900126826, -0.0024441552759513355, 0.6292069221440227]], [[0.6293825847735788, -0.003975428318811917, -0.7770854251325352], [0.004418132616899006, 0.999989058196881, -0.0015373973768173324], [0.777083034229876, -0.0024656553280495855, 0.629393262162771]], [[0.6295236611443209, -0.003988552984733365, -0.7769710750758617], [0.004439262511744639, 0.9999889658545327, -0.0015365928328398776], [0.7769686306459254, -0.0024818570204768325, 0.6295344211224098]], [[0.6296653702198532, -0.004001681451953878, -0.7768561695007992], [0.004460394905642675, 0.9999888730655511, -0.001535780705307718], [0.7768536711782877, -0.002498057374474469, 0.6296762130541161]], [[0.6298049322010988, -0.004014557076376124, -0.7767429630879523], [0.0044811167858665076, 0.999988781656049, -0.0015349770037779147], [0.7767404115710236, -0.002513939842402631, 0.6298158565318498]], [[0.6299422161963284, -0.00402717033489778, -0.7766315639688837], [0.0045014130307707186, 0.9999886917181773, -0.0015341826796391195], [0.7766289600152617, -0.002529493004895601, 0.629953220589238]], [[0.63009053579724, -0.004040739337118979, -0.776511164842051], [0.0045232434343550725, 0.9999885945337257, -0.0015333203505849822], [0.7765085041180058, -0.002546218386826427, 0.6301016265685604]], [[0.6302355397897942, -0.004053946608314774, -0.7763934118105111], [0.004544488133859394, 0.9999884995106993, -0.0015324731453601405], [0.7763906954706955, -0.00256249160720018, 0.6302467148849684]], [[0.6303924329603072, -0.004068171744267761, -0.7762659534238546], [0.004567366003150429, 0.999988396691012, -0.0015315518706239106], [0.7762631767861852, -0.0025800120151438653, 0.6304036991514433]], [[0.6305461059004496, -0.00408203940067504, -0.7761410601740593], [0.004589664822083147, 0.9999882959830371, -0.0015306448845749461], [0.7761382243586528, -0.0025970851493701368, 0.6305574611707695]], [[0.6306957777214125, -0.004095483682892372, -0.7760193702336226], [0.004611278972031852, 0.9999881979050272, -0.0015297571369793676], [0.7760164766747077, -0.002613630436615734, 0.6307072196077318]], [[0.6308657433223073, -0.0041106763139240705, -0.7758811224940565], [0.004635699292370328, 0.999988086546255, -0.0015287438078908598], [0.7758781632411534, -0.0026323194717948655, 0.6308772833917342]], [[0.6310256719173251, -0.00412489939647297, -0.7757509823301931], [0.004658556730642972, 0.9999879817884446, -0.0015277852796016331], [0.7757479611513513, -0.002649808227431314, 0.6310373041951495]], [[0.6312905362673955, -0.0041483005240086, -0.7755353315110723], [0.004696154516746901, 0.9999878083684729, -0.001526187135638839], [0.7755322075529691, -0.0026785662546707986, 0.6313023208660332]], [[0.6316632646201872, -0.004180905763730052, -0.7752316042037788], [0.004748520736791672, 0.9999875645384595, -0.001523915762867109], [0.7752283351891766, -0.002718601742599231, 0.6316752627136709]], [[0.6326275713785615, -0.004263494113034104, -0.7744444321896913], [0.004881061238430971, 0.9999869354950753, -0.001517919745709875], [0.7744407860984934, -0.0028198328170038972, 0.632640116788395]], [[0.6330827798866712, -0.004301595854611885, -0.7740721478544945], [0.00494215868428409, 0.9999866397859848, -0.0015150303871980105], [0.7740683231333696, -0.002866447738641546, 0.6330955809345516]], [[0.6335430726489091, -0.004339545006698931, -0.7736952523104405], [0.005002980320082386, 0.9999863418212172, -0.0015120710751901092], [0.7736912467428455, -0.002912819966010942, 0.6335561302626228]], [[0.6341055423970531, -0.0043851176415376425, -0.7732340731270261], [0.005075979358503802, 0.9999859794768885, -0.0015084041897655124], [0.7732298465106567, -0.0029684327375794697, 0.6341189106722739]], [[0.635402870561672, -0.004486789725161137, -0.7721677672630162], [0.005238680609556497, 0.9999851533934094, -0.0014997393874600356], [0.7721630322072282, -0.0030922015977989004, 0.6354169418435586]], [[0.6358839318386035, -0.004523243372785444, -0.7717714464132961], [0.005296963089998733, 0.9999848512876895, -0.0014964548641544357], [0.7717665238992323, -0.0031364732627287522, 0.6358982584690499]], [[0.636369642296493, -0.004559350094487943, -0.7713707867751746], [0.005354664031353056, 0.9999845489928186, -0.0014931003784859258], [0.7713656758869607, -0.003180267653011797, 0.6363842235325371]], [[0.6368259907553736, -0.00459261975665217, -0.7709938815206058], [0.00540780801056687, 0.999984267760196, -0.001489914301326638], [0.7709885946698306, -0.0032205707375023494, 0.6368408080620831]], [[0.6382475502515147, -0.004692035294045672, -0.7698168934251456], [0.005566485694624739, 0.9999834121027301, -0.0014797825491638227], [0.7698110669735493, -0.003340707137822888, 0.6382630812140613]], [[0.6422511650600377, -0.0049348545983830434, -0.7664783677241774], [0.005953422748351692, 0.9999812273769996, -0.0014497072700091187], [0.7664711330093301, -0.0036320935673693476, 0.6422684875966701]], [[0.6453527443529474, -0.0050816688533987615, -0.7638677974609127], [0.00618731378893605, 0.9999798429560098, -0.001425071840614267], [0.7638596418873033, -0.003806615732913711, 0.6453711778290576]], [[0.6469174466341086, -0.005140981360731324, -0.7625427119519642], [0.006282020409088168, 0.9999792706231525, -0.0014122831046199265], [0.762534165437843, -0.0038766782993185844, 0.6469363321883986]], [[0.6474731437910712, -0.005159568095869988, -0.7620708017804995], [0.00631176696598126, 0.9999790897825525, -0.001407691523323579], [0.7620621297945966, -0.0038985708563227693, 0.6474921709783091]], [[0.6480316667726749, -0.005176914456752879, -0.7615957972681695], [0.006339576439676563, 0.9999789203846627, -0.0014030527037887802], [0.7615870066055467, -0.003918972190711945, 0.6480508259593329]], [[0.6485610802027306, -0.005192103363485572, -0.7611449055921825], [0.006363979320800306, 0.9999787715684657, -0.0013986349153327533], [0.761136009536715, -0.003936810267823807, 0.6485803547066802]], [[0.6497421071290478, -0.005221499815627748, -0.7601367838508952], [0.0064114286075781955, 0.9999784822972979, -0.0013887136501987377], [0.7601276786216363, -0.003971256988375236, 0.6497616034448458]], [[0.6503574337320923, -0.0052343091626039515, -0.7596103016659264], [0.006432256202376201, 0.9999783557526263, -0.0013835123493352033], [0.7596011022040167, -0.003986230533229333, 0.6503770256524914]], [[0.6509754941277164, -0.00524540934613724, -0.7590806226784933], [0.006450439887542889, 0.9999782458639193, -0.0013782685427572146], [0.7590713391180275, -0.003999184880724305, 0.6509951679159046]], [[0.6515483117214882, -0.005254087888110613, -0.758588948016872], [0.006464804199993892, 0.9999781598104389, -0.0013733931642992397], [0.7585795962188391, -0.0040092970196795455, 0.6515680484322981]], [[0.6520960373490844, -0.0052609125621730715, -0.758118118021616], [0.006476264628763524, 0.9999780920621598, -0.0013687191751794046], [0.7581087099289142, -0.0040172372017900915, 0.6521158223315736]], [[0.6527362986321801, -0.0052670309776607594, -0.7575668834054482], [0.00648679689902513, 0.9999780312764499, -0.0013632426291162935], [0.7575574208691741, -0.0040243445622117485, 0.6527561250090972]], [[0.6544820887266602, -0.005273226112138832, -0.7560591171478329], [0.006499407842176146, 0.9999779697042829, -0.0013482595451265046], [0.7560495706193423, -0.004031524831899474, 0.6545019431398508]], [[0.6596475372557571, -0.005194462090660606, -0.7515571463009354], [0.006388774095137218, 0.9999787413799657, -0.0013039761120597765], [0.7515479426876097, -0.0039413641963422195, 0.6596667003042488]], [[0.6610031310154655, -0.0051475942720808675, -0.7503654863204756], [0.0063201445648094715, 0.9999791923841126, -0.0012925058985095645], [0.7503565262996212, -0.0038880679042183103, 0.6610219106561752]], [[0.6614666614456343, -0.005128874969041887, -0.749957032394204], [0.006292632856746876, 0.9999793709148996, -0.001288610248114036], [0.7499481705876079, -0.003866831544467648, 0.6614852901207323]], [[0.661930525054571, -0.005108733697786601, -0.7495477842279221], [0.006262990645429547, 0.9999795620029458, -0.001284727430891333], [0.7495390283028351, -0.0038440104580401316, 0.6619489924718087]], [[0.6623493168942097, -0.005089328375767938, -0.7491778701659974], [0.006234401108092076, 0.9999797451328919, -0.0012812364261322693], [0.7491692163006968, -0.003822049272292389, 0.662367630011282]], [[0.6637310064290439, -0.005016983591177346, -0.7479545313589169], [0.006127649280185049, 0.9999804195323053, -0.0012698292378620025], [0.7479462567718288, -0.0037403780076535613, 0.6637487525814055]], [[0.6641161355376414, -0.004994512241717088, -0.7476127429130801], [0.006094456621455823, 0.9999806263684132, -0.0012666831982345835], [0.7476045854039697, -0.003715068680769481, 0.6641337080345029]], [[0.6645013197298094, -0.004971019456467273, -0.7472705567884417], [0.006059744780773158, 0.9999808412802119, -0.0012635528129289223], [0.7472625211868561, -0.003688636344584751, 0.6645187118444321]], [[0.6648660360820402, -0.0049478355608897255, -0.7469462316578217], [0.00602548173192584, 0.9999810520437963, -0.0012606043313696318], [0.7469383158162771, -0.003662577868719595, 0.6648832513222915]], [[0.666289576819559, -0.004848608334148169, -0.7456773369352441], [0.005878796241557609, 0.9999819393969906, -0.0012492536104032083], [0.7456699266943561, -0.0035513204663738624, 0.6663060472084741]], [[0.6707101346480896, -0.004451352205623394, -0.741706209185204], [0.005291985896183875, 0.9999852580334178, -0.0012159774312036269], [0.7417006877208753, -0.0031095304115086294, 0.670723803554789]], [[0.6717410519416512, -0.004339024854257784, -0.7407733337530723], [0.005126327973138514, 0.9999861297626678, -0.0012087364445787492], [0.7407683037885996, -0.0029854891717720528, 0.6717539779983212]], [[0.6727510187642914, -0.0042215979227439296, -0.7398569083698479], [0.0049532962220723625, 0.9999870101043522, -0.001201864840251772], [0.7398523714959274, -0.0028561746334062896, 0.6727631906238022]], [[0.6754042552014762, -0.003877908683233553, -0.7374374915068982], [0.004447743484036541, 0.9999894066536023, -0.001184971930644814], [0.7374342747890438, -0.002479597713482402, 0.6754143483533195]], [[0.6778197211686331, -0.003519683526560654, -0.7352197205072455], [0.003922188788712202, 0.9999916222834667, -0.0011712378007491043], [0.7352176834312308, -0.002089782465487872, 0.6778278474504158]], [[0.6806712284022166, -0.003038569551412767, -0.7325827229197406], [0.0032184388496437405, 0.9999941510815348, -0.0011573478696900827], [0.7325819547851229, -0.0015699992998722062, 0.6806770266619914]], [[0.6847949814838699, -0.002221704205944016, -0.7287323907751941], [0.0020285694494844835, 0.9999972898475413, -0.00114245505857496], [0.7287329539965227, -0.0006959367740934921, 0.6847976324663448]], [[0.6864481634634773, -0.0018498699271195036, -0.7271763863457577], [0.0014888346805749645, 0.9999982436422493, -0.0011384567230861467], [0.7271772151607312, -0.000301153896141749, 0.6864497119654267]], [[0.6869987179798203, -0.0017199042507478318, -0.7266565924998233], [0.001300441839979481, 0.9999985075840795, -0.0011374008239833583], [0.7266574642464684, -0.00016358172827807204, 0.6869999293274444]], [[0.6875461134544069, -0.001587523967883055, -0.7261389823177061], [0.001108681767865811, 0.9999987396030042, -0.0011364933525325584], [0.7261398713047513, -2.366546313188641e-05, 0.68754700693223]], [[0.6890134651525307, -0.0012167613303438061, -0.7247475176434687], [0.0005723037261444739, 0.9999991923610729, -0.0011347888114798378], [0.7247483130763056, 0.0003671090663525872, 0.6890136050354779]], [[0.6903846587199628, -0.0008487371452511514, -0.7234419829187282], [4.085524804518835e-05, 0.999999355955905, -0.001134203960403412], [0.723442479631223, 0.0007534806124633473, 0.6903842487571664]], [[0.690975056067566, -0.0006836611724997778, -0.7228782777894407], [-0.0001972235384003055, 0.9999993372699505, -0.001134267400354657], [0.7228785741708652, 0.0009263190923338787, 0.6909744633035572]], [[0.6915246143494524, -0.000526332388728967, -0.7223527052092075], [-0.00042396102671212886, 0.9999992665794483, -0.0011345032451495313], [0.7223527725466914, 0.0010907863136288656, 0.6915238840266681]], [[0.693050823981726, -7.010229152377176e-05, -0.720888722663853], [-0.0010805704611062542, 0.9999987708359154, -0.0011360872046521915], [0.720887916215643, 0.0015663372327545597, 0.6930498963580788]], [[0.6938640724654841, 0.00018513326644463115, -0.7201059746087997], [-0.0014473479273288143, 0.9999983056228506, -0.0011375128151334612], [0.7201045438862286, 0.0018315231641974326, 0.6938631647503044]], [[0.6946299280017645, 0.0004336089051982048, -0.7193671351316955], [-0.0018040414098623543, 0.9999977237785651, -0.001139241975915986], [0.7193650037073375, 0.0020891196723788457, 0.6946291291186537]], [[0.6958883074735059, 0.0008598403435419867, -0.7181495138174536], [-0.002415090664607028, 0.9999964305153591, -0.0011429320285551098], [0.7181459676547266, 0.0025297492215211937, 0.6958879001032674]], [[0.697659267777506, 0.0015003229880110316, -0.7164281506997668], [-0.0033314515409890964, 0.999993789426768, -0.0011500167487451963], [0.7164219758737072, 0.0031890655095183243, 0.6976599331668629]], [[0.6996130113570914, 0.0022679869448041998, -0.7145183626577295], [-0.00442706673853191, 0.9999895269885554, -0.0011606004038685555], [0.7145082472721763, 0.003975191620925135, 0.6996157248315834]], [[0.7015643448786695, 0.0031075502262260823, -0.7125993356203448], [-0.005622196787347806, 0.9999835057785057, -0.0011743399052731147], [0.7125839325288286, 0.00483024870169889, 0.7015702443798709]], [[0.7036395103394995, 0.00409372463461065, -0.710545340501089], [-0.007022276340217873, 0.9999746321235515, -0.001192788484675955], [0.710522432527077, 0.005828938838548572, 0.7036504077649817]], [[0.7043619815820426, 0.004462958355902454, -0.7098269372914322], [-0.0075455185651534685, 0.9999708118850792, -0.0012002197624474374], [0.7098008622503955, 0.006201401503589672, 0.7043750979187081]], [[0.7049309923812247, 0.004764235241983483, -0.7092598945682632], [-0.007972093660058896, 0.9999674945570666, -0.0012064625721657952], [0.7092310918897314, 0.006504759167089087, 0.7049460592166473]], [[0.7054687651481228, 0.005057990606950563, -0.7087229628926989], [-0.008387713861573776, 0.9999640871748239, -0.0012126899015862673], [0.7086913768747033, 0.006800080267250145, 0.7054858547496183]], [[0.7064107615976752, 0.005595253212621454, -0.7077800004524584], [-0.009147111984221749, 0.9999574146909371, -0.0012243965718236073], [0.707743008613539, 0.007339069839130498, 0.7064318592847831]], [[0.7073746588016734, 0.006177799500895682, -0.7068118044278446], [-0.009969476707481727, 0.9999495378120716, -0.0012374827688085455], [0.7067684922373085, 0.007921907772175265, 0.7074005525569328]], [[0.7089083622864422, 0.007183540553052804, -0.7052640148380467], [-0.011386893127968508, 0.9999343723746117, -0.0012607968446240602], [0.705208673050219, 0.00892455539026087, 0.7089436365225653]], [[0.7114256713178977, 0.009103117675545022, -0.7027023889517275], [-0.014084879390590464, 0.9998999495037466, -0.0013065814009082372], [0.7026201892647498, 0.010827013946137672, 0.7114827091409732]], [[0.713953318385834, 0.011542254453660635, -0.7000981613516762], [-0.01750173746242061, 0.9998459024449324, -0.0013640197490335103], [0.699974534073682, 0.013226780644063877, 0.7140453094322101]], [[0.7149611676216048, 0.012751399074305106, -0.6990478743368098], [-0.01919179226601722, 0.9998148530294827, -0.0013909605501472534], [0.6989007110475588, 0.014410464367320849, 0.7150735169295169]], [[0.7155788663265307, 0.013599265203079884, -0.6983995604614781], [-0.020375659559912856, 0.9997914020171882, -0.001408882537234559], [0.6982347159547059, 0.015238518249537446, 0.7157066920165148]], [[0.7161077477941635, 0.014416117974222886, -0.6978408622972263], [-0.021515399231999948, 0.9997675011418342, -0.0014252215618192454], [0.6976580689313867, 0.016034936955470012, 0.7162514220940684]], [[0.7166800324136758, 0.01543554997944234, -0.6972312922813899], [-0.022936814576377532, 0.9997358736493801, -0.0014441175851604862], [0.6970248443754602, 0.01702723510564833, 0.7168447806799149]], [[0.7172921106211264, 0.01678214486526874, -0.6965704470148177], [-0.024813033480885947, 0.9996910342481755, -0.0014660877496743105], [0.6963306265059575, 0.018335638999894044, 0.7174869078473133]], [[0.7179334042219332, 0.018887410029289738, -0.695855511471099], [-0.02774412034884298, 0.9996139441358124, -0.0014921378334757257], [0.6955586897511878, 0.0203771546500154, 0.7181802563980674]], [[0.7181826078170225, 0.020659408702097058, -0.6955479355596071], [-0.030210128850557145, 0.9995424376556218, -0.001504473426293979], [0.6951985974841903, 0.022093079403681864, 0.7184781178981644]], [[0.718201568286942, 0.02103475643521911, -0.6955171071453948], [-0.030732448851284167, 0.9995265125108757, -0.0015057806778875664], [0.6951561147668858, 0.022456397964893893, 0.718507958405933]], [[0.7182056382992376, 0.02117613600283229, -0.695508614166054], [-0.030929188855436645, 0.999520443414397, -0.0015061452227987109], [0.6951431840937096, 0.02259323926923629, 0.7185161787652337]], [[0.7182078697911284, 0.02130395440585676, -0.6955024063917921], [-0.03110705878310242, 0.9995149231566496, -0.0015064132971324797], [0.6951329417197589, 0.0227169521245771, 0.7185221871467958]], [[0.7182075938160732, 0.021612664608503758, -0.6954931666906996], [-0.03153666175179157, 0.9995014599646975, -0.0015068158452293387], [0.6951138691973359, 0.02301573933113297, 0.7185311298702107]], [[0.7182039549117601, 0.021785093756319155, -0.6954915447646688], [-0.031776620887158685, 0.9994938597389006, -0.001506887264842151], [0.695106700812265, 0.02318262354142692, 0.7185326996397841]], [[0.7181978450541936, 0.021956926149410614, -0.6954924505367347], [-0.03201575464827588, 0.9994862284526562, -0.0015068469684729714], [0.6951020405766519, 0.023348929901695868, 0.7185318229964708]], [[0.718186619944461, 0.022173394714903837, -0.6954971743289673], [-0.032317015663627206, 0.999476533265685, -0.0015066352595600313], [0.695099697476095, 0.02355843836135015, 0.718527251084207]], [[0.718118308472608, 0.022915015131581597, -0.6955436701731746], [-0.03334922784359369, 0.9994426274030339, -0.0015045038905463508], [0.6951215174620102, 0.024276256120744053, 0.7184822470667481]], [[0.7179855239448439, 0.02375128120090538, -0.6956526892400934], [-0.03451340760273959, 0.9994031101927758, -0.0014993440745061449], [0.6952018498977881, 0.02508585215459303, 0.7183767033530407]], [[0.7176496484126077, 0.025082769791901015, -0.6959524673372722], [-0.03636774190821913, 0.9993373722524853, -0.0014845093448609176], [0.6954540743153128, 0.026375577321914593, 0.7180863175407103]], [[0.717419805440094, 0.025755567409182497, -0.6961648321408793], [-0.037305189371226705, 0.9993028326496779, -0.0014736024929044127], [0.6956415352811285, 0.02702775251035898, 0.7178804600948294]], [[0.7173048819599973, 0.026052875526874013, -0.696272183842745], [-0.03771956314804582, 0.9992872858021625, -0.0014679884427648694], [0.6957376954515874, 0.02731607788333999, 0.7177763516700701]], [[0.7171833170091592, 0.0263460702311817, -0.6963863686109338], [-0.038128281002100216, 0.9992717832943725, -0.0014619505839297432], [0.6958407317709819, 0.027600501717515737, 0.717665582505791]], [[0.7169232915137987, 0.02691529709103591, -0.6966322996154656], [-0.0389220287752636, 0.9992412005339563, -0.001448734439299866], [0.6960647022806494, 0.02815297387416316, 0.7174268884708755]], [[0.7163846855603101, 0.027916545731415682, -0.6971467914070114], [-0.040319058609878826, 0.9991858467460007, -0.0014202729635448218], [0.696539557963135, 0.02912576414282678, 0.7169270074809759]], [[0.7161957234750179, 0.02822622151744818, -0.6973284492224258], [-0.04075139403367358, 0.9991683220589206, -0.0014099922956052106], [0.6967086977786474, 0.029426936857398438, 0.7167503371654473]], [[0.7161012485449738, 0.0283745458964823, -0.6974194483791714], [-0.04095851368007991, 0.9991598604285286, -0.0014048008977611795], [0.696793658115126, 0.029571243694035593, 0.7166618027751579]], [[0.716005194872423, 0.028521289188413512, -0.6975120765827242], [-0.04116345546403176, 0.9991514456598691, -0.0013994892120605738], [0.6968802844463137, 0.0297140488460402, 0.7165716603740414]], [[0.7157116164293763, 0.028947127042021455, -0.6977957766740005], [-0.041758356462836564, 0.9991267821555677, -0.0013830563920972658], [0.6971464134409515, 0.030128674306615127, 0.7162954287240382]], [[0.715430188660516, 0.029327571215931963, -0.6980684341235908], [-0.04229007433262973, 0.9991044393893851, -0.0013670425609669135], [0.6974031794924147, 0.03049938948564801, 0.7160297427306239]], [[0.7146323650091299, 0.030290829767134538, -0.6988440802593132], [-0.043637423079282846, 0.9990465613804974, -0.0013204169054298839], [0.6981377788004798, 0.03143936745265275, 0.7152728206675544]], [[0.7120987822557634, 0.03261663653664094, -0.7013212383287261], [-0.04689834958208939, 0.9988989901803564, -0.0011628513199258839], [0.7005111484597542, 0.03371887361334558, 0.712844420926394]], [[0.7116616942793107, 0.03293559392771588, -0.7017498696459955], [-0.04734659092025558, 0.9988778770653575, -0.0011344768338305714], [0.7009250553545646, 0.03403282771215355, 0.7124225104628277]], [[0.7115723641331306, 0.03299820701202807, -0.7018375089264045], [-0.047434618401009224, 0.9988737073063803, -0.0011286404256234128], [0.7010097913575862, 0.03409450375135341, 0.7123361827359219]], [[0.7114831331322546, 0.0330598900833594, -0.7019250636186379], [-0.047521350119600875, 0.9988695913917585, -0.0011227981669237306], [0.7010944819003994, 0.03415527866361989, 0.7122499170854732]], [[0.7113070115941251, 0.03317914869871603, -0.7020979129357287], [-0.04768907174469318, 0.9988616108356186, -0.001111231323564623], [0.7012617825699853, 0.03427282437374328, 0.7120795502022619]], [[0.710923120280959, 0.033427935852802695, -0.7024748323994591], [-0.04803910687471161, 0.9988448653908782, -0.0010858604928083535], [0.7016270813336194, 0.03451822688016739, 0.7117077565632949]], [[0.7105658407275867, 0.033646199996264864, -0.7028258100105256], [-0.04834637176668968, 0.9988300658083389, -0.0010620613720023764], [0.7019678157352823, 0.03473374242969236, 0.7113611971486122]], [[0.7097654883062993, 0.03409094100137554, -0.7036126486576285], [-0.048973018317612145, 0.9987995930766433, -0.0010081402908472196], [0.7027336587116428, 0.03517357831702558, 0.7105830171782651]], [[0.7079677509974891, 0.034879615563781594, -0.7053829286038302], [-0.05008651667991847, 0.998744491223222, -0.0008843631502445942], [0.70446646789928, 0.03595627440978926, 0.7088258897191309]], [[0.7073148254127485, 0.03509475819662121, -0.7060269794409347], [-0.05039094035048001, 0.9987292174670421, -0.0008386347869392089], [0.7051003410026018, 0.03617054222474673, 0.7081844399541827]], [[0.7071671503263427, 0.03513792254561886, -0.70617274649942], [-0.0504520664488211, 0.9987261401432314, -0.0008282425298187173], [0.7052440786638491, 0.03621358024032626, 0.708039099284632]], [[0.707119953465707, 0.03515127712272612, -0.7062193420795935], [-0.05047098208856468, 0.9987251871652199, -0.0008249174833233769], [0.7052900476950812, 0.03622689937711781, 0.7079926273513215]], [[0.7070729998346917, 0.03516434843664778, -0.7062657017750701], [-0.0504894983869808, 0.9987242539926922, -0.0008216078221583616], [0.7053357948221959, 0.036239937718053464, 0.7079463845919193]], [[0.7069290887804571, 0.03520304761464189, -0.7064078205078919], [-0.05054432965455243, 0.9987214888464964, -0.000811453049415241], [0.7054761046101152, 0.03627854951511607, 0.707804586499165]], [[0.706787622419531, 0.03523901120784741, -0.7065475701491555], [-0.05059530200785821, 0.9987189159540992, -0.0008014550794029892], [0.7056141808448423, 0.036314446224662233, 0.7076650964870991]], [[0.7066611350149462, 0.03526933555634073, -0.7066725650744043], [-0.05063829622243852, 0.9987167440747207, -0.0007925026935274834], [0.7057377722746135, 0.03634472553541871, 0.7075402869877148]], [[0.7063766279583432, 0.03533074708697672, -0.7069538866040079], [-0.050725416855781066, 0.998712338766262, -0.0007723217413745063], [0.7060162827860739, 0.03640608062317395, 0.7072592210318862]], [[0.7059138951002699, 0.035407612187669794, -0.7074120960964471], [-0.05083461614366426, 0.9987068113993068, -0.0007393687831685299], [0.7064710995546452, 0.03648295305808989, 0.7068009476721496]], [[0.7049137800736616, 0.03542901335671672, -0.7084076140717773], [-0.05086586563274048, 0.9987052708743073, -0.0006675637433462968], [0.7074667669761973, 0.03650434139234707, 0.705803235104371]], [[0.7047650373016255, 0.035404191064642786, -0.7085568329021559], [-0.050830834160411634, 0.9987070616122896, -0.0006567985581334349], [0.7076174591513797, 0.036479423526797956, 0.7056534440951422]], [[0.7047466630007808, 0.035400306386208974, -0.7085753024887781], [-0.05082534639005699, 0.998707341781384, -0.0006554665021526685], [0.7076361530855063, 0.036475523022531854, 0.7056348992691736]], [[0.7047360194321618, 0.03539796432884384, -0.708