{"b2imat": [[[0.6127962870647643, -0.002024802205570437, -0.7902383252764116], [0.0012407938171348338, 0.9999979500859133, -0.0016000795839716457], [0.7902399452004072, 3.2526065174565133e-19, 0.6127975432470807]], [[0.6127962870647643, -0.002024802205570437, -0.7902383252764116], [0.0012407938171348338, 0.9999979500859133, -0.0016000795839716457], [0.7902399452004072, 3.2526065174565133e-19, 0.6127975432470807]], [[0.6127962870647643, -0.002024802205570437, -0.7902383252764116], [0.0012407938171348338, 0.9999979500859133, -0.0016000795839716457], [0.7902399452004072, 3.2526065174565133e-19, 0.6127975432470807]], [[0.6127962870647643, -0.002024802205570437, -0.7902383252764116], [0.0012407938171348338, 0.9999979500859133, -0.0016000795839716457], [0.7902399452004072, 3.2526065174565133e-19, 0.6127975432470807]], [[0.6127962870647643, -0.002024802205570437, -0.7902383252764116], [0.0012407938171348338, 0.9999979500859133, -0.0016000795839716457], [0.7902399452004072, 3.2526065174565133e-19, 0.6127975432470807]], [[0.6127962870647643, -0.002024802205570437, -0.7902383252764116], [0.0012407938171348338, 0.9999979500859133, -0.0016000795839716457], [0.7902399452004072, 3.2526065174565133e-19, 0.6127975432470807]], [[0.6127962870647643, -0.002024802205570437, -0.7902383252764116], [0.0012407938171348338, 0.9999979500859133, -0.0016000795839716457], [0.7902399452004072, 3.2526065174565133e-19, 0.6127975432470807]], [[0.6127962870647643, -0.002024802205570437, -0.7902383252764116], [0.0012407938171348338, 0.9999979500859133, -0.0016000795839716457], [0.7902399452004072, 3.2526065174565133e-19, 0.6127975432470807]], [[0.6127962870647643, -0.002024802205570437, -0.7902383252764116], [0.0012407938171348338, 0.9999979500859133, -0.0016000795839716457], [0.7902399452004072, 3.2526065174565133e-19, 0.6127975432470807]], [[0.6127962870647643, -0.002024802205570437, -0.7902383252764116], [0.0012407938171348338, 0.9999979500859133, -0.0016000795839716457], [0.7902399452004072, 3.2526065174565133e-19, 0.6127975432470807]], [[0.6127962870647643, -0.002024802205570437, -0.7902383252764116], [0.0012407938171348338, 0.9999979500859133, -0.0016000795839716457], [0.7902399452004072, 3.2526065174565133e-19, 0.6127975432470807]], [[0.6127962870647643, -0.002024802205570437, -0.7902383252764116], [0.0012407938171348338, 0.9999979500859133, -0.0016000795839716457], [0.7902399452004072, 3.2526065174565133e-19, 0.6127975432470807]], [[0.6127962870647643, -0.002024802205570437, -0.7902383252764116], [0.0012407938171348338, 0.9999979500859133, -0.0016000795839716457], [0.7902399452004072, 3.2526065174565133e-19, 0.6127975432470807]], [[0.6127962870647643, -0.002024802205570437, -0.7902383252764116], [0.0012407938171348338, 0.9999979500859133, -0.0016000795839716457], [0.7902399452004072, 3.2526065174565133e-19, 0.6127975432470807]], [[0.6127962870647643, -0.002024802205570437, -0.7902383252764116], [0.0012407938171348338, 0.9999979500859133, -0.0016000795839716457], [0.7902399452004072, 3.2526065174565133e-19, 0.6127975432470807]], [[0.6127962870647643, -0.002024802205570437, -0.7902383252764116], [0.0012407938171348338, 0.9999979500859133, -0.0016000795839716457], [0.7902399452004072, 3.2526065174565133e-19, 0.6127975432470807]], [[0.6127962870647643, -0.002024802205570437, -0.7902383252764116], [0.0012407938171348338, 0.9999979500859133, -0.0016000795839716457], [0.7902399452004072, 3.2526065174565133e-19, 0.6127975432470807]], [[0.6127962870647643, -0.002024802205570437, -0.7902383252764116], [0.0012407938171348338, 0.9999979500859133, -0.0016000795839716457], [0.7902399452004072, 3.2526065174565133e-19, 0.6127975432470807]], [[0.6127962870647643, -0.002024802205570437, -0.7902383252764116], [0.0012407938171348338, 0.9999979500859133, -0.0016000795839716457], [0.7902399452004072, 3.2526065174565133e-19, 0.6127975432470807]], [[0.6127962870647643, -0.002024802205570437, -0.7902383252764116], [0.0012407938171348338, 0.9999979500859133, -0.0016000795839716457], [0.7902399452004072, 3.2526065174565133e-19, 0.6127975432470807]], [[0.6127962870647643, -0.002024802205570437, -0.7902383252764116], [0.0012407938171348338, 0.9999979500859133, -0.0016000795839716457], [0.7902399452004072, 3.2526065174565133e-19, 0.6127975432470807]], [[0.6127962870647643, -0.002024802205570437, -0.7902383252764116], [0.0012407938171348338, 0.9999979500859133, -0.0016000795839716457], [0.7902399452004072, 3.2526065174565133e-19, 0.6127975432470807]], [[0.6127962870647643, -0.002024802205570437, -0.7902383252764116], [0.0012407938171348338, 0.9999979500859133, -0.0016000795839716457], [0.7902399452004072, 3.2526065174565133e-19, 0.6127975432470807]], [[0.6127962870647643, -0.002024802205570437, -0.7902383252764116], [0.0012407938171348338, 0.9999979500859133, -0.0016000795839716457], [0.7902399452004072, 3.2526065174565133e-19, 0.6127975432470807]], [[0.6127962870647643, -0.002024802205570437, -0.7902383252764116], [0.0012407938171348338, 0.9999979500859133, -0.0016000795839716457], [0.7902399452004072, 3.245137514193927e-19, 0.6127975432470807]], [[0.6127962870647643, -0.002024802205570437, -0.7902383252764116], [0.0012407938171348338, 0.9999979500859133, -0.0016000795839716457], [0.7902399452004072, 3.223749618402692e-19, 0.6127975432470807]], [[0.6127962870647643, -0.002024802205570437, -0.7902383252764116], [0.001240793817134834, 0.9999979500859133, -0.0016000795839716457], [0.7902399452004072, 2.245131577790915e-19, 0.6127975432470807]], [[0.6127962870647643, -0.0020248022055704435, -0.7902383252764116], [0.0012407938171348448, 0.9999979500859133, -0.0016000795839716457], [0.7902399452004072, -8.333262371786211e-18, 0.6127975432470807]], [[0.6127962870647669, -0.002024802205570832, -0.7902383252764096], [0.0012407938171354839, 0.9999979500859133, -0.0016000795839716418], [0.7902399452004052, -5.091950533071784e-16, 0.6127975432470832]], [[0.6127962870648535, -0.0020248022055841404, -0.7902383252763424], [0.001240793817157377, 0.9999979500859133, -0.0016000795839715058], [0.790239945200338, -1.767142748155464e-14, 0.6127975432471698]], [[0.6127962870683733, -0.0020248022061252623, -0.7902383252736115], [0.0012407938180475425, 0.9999979500859122, -0.0016000795839659764], [0.7902399451976071, -7.154823136225747e-13, 0.6127975432506915]], [[0.6127962871390722, -0.00202480221699399, -0.7902383252187597], [0.0012407938359270123, 0.9999979500858902, -0.001600079583854912], [0.7902399451427552, -1.4731400770441326e-11, 0.6127975433214263]], [[0.6127962881921225, -0.0020248023788758764, -0.7902383244017491], [0.0012407941022289464, 0.9999979500855625, -0.0016000795822006236], [0.790239944325743, -2.2348843074688372e-10, 0.6127975443750137]], [[0.612796301978403, -0.002024804497895416, -0.7902383137056439], [0.0012407975881015478, 0.9999979500812719, -0.0016000795605430466], [0.7902399336296159, -2.9560993899092373e-09, 0.612797558168324]], [[0.6127964128228514, -0.0020248215286610364, -0.7902382277068245], [0.0012408256044816174, 0.9999979500467874, -0.0016000793864096152], [0.7902398476306197, -2.4918355200897642e-08, 0.6127976690692732]], [[0.612803499004629, -0.0020259063881274963, -0.7902327298403873], [0.001242610288419593, 0.9999979478485341, -0.001600068246063974], [0.7902343497516132, -1.423900511362488e-06, 0.6128047588511514]], [[0.6128379130990895, -0.0020311370553041026, -0.790206028039913], [0.0012512153837789205, 0.9999979372056398, -0.0016000139153451627], [0.7902076478549271, -8.16874982874336e-06, 0.6128391903304286]], [[0.6129622831062405, -0.002049788090209623, -0.7901095100414695], [0.0012818980710097968, 0.9999978986633162, -0.001599814454242834], [0.7901111290359863, -3.221393638960463e-05, 0.6129636226855077]], [[0.6132127726849368, -0.002086625267688935, -0.7899150216390651], [0.0013424901240413657, 0.99999781982053, -0.0015993981537207628], [0.7899166368271523, -7.968173891209022e-05, 0.6132142370448532]], [[0.6134442477080889, -0.0021200340144101803, -0.7897351837227686], [0.0013974301536078643, 0.9999977451971386, -0.0015989964368741333], [0.7897367929524514, -0.00012270459279307776, 0.6134458271117019]], [[0.6135198679433036, -0.002130837024372392, -0.7896764091527665], [0.0014151926329684474, 0.9999977204329326, -0.001598861704692381], [0.7896780159461471, -0.00013661081473949943, 0.6135214849284759]], [[0.6136000441756063, -0.0021422358350596626, -0.7896140808099369], [0.0014339331569537378, 0.9999976939671851, -0.0015987169900098443], [0.7896156847627811, -0.0001512809959765854, 0.6136017010167627]], [[0.6136893197074845, -0.002154864477698621, -0.7895446633573355], [0.0014546936845501702, 0.9999976642436027, -0.001598553603590815], [0.7895462638397128, -0.00016753036195261178, 0.6136910209464764]], [[0.6137745052046374, -0.0021668543746261905, -0.7894784110429635], [0.0014744022443321505, 0.9999976356321212, -0.0015983955048633567], [0.789480007915859, -0.00018295433097470295, 0.6137762488308651]], [[0.6139813947497992, -0.002195742430796843, -0.7893174428683745], [0.0015218795245868786, 0.9999975651321457, -0.0015980026574903769], [0.7893190297869451, -0.00022010215424082605, 0.6139832414416843]], [[0.6146753587987034, -0.002290498041137706, -0.788776873966529], [0.0016775277598868512, 0.999997318389506, -0.0015965946299591085], [0.7887784157710582, -0.0003418077254094298, 0.6146775528528585]], [[0.6169851991103705, -0.002587226104267049, -0.7869705015690396], [0.002164049157429786, 0.9999963928786667, -0.001590949684964212], [0.7869717790175097, -0.0007214504426905476, 0.6169885724543672]], [[0.6193758168611959, -0.002871408715999812, -0.7850893914068102], [0.0026285969098593215, 0.9999952912563678, -0.0015836487547000399], [0.7850902419249746, -0.001082809807151899, 0.6193804481553398]], [[0.620521264930077, -0.0030009815297644764, -0.7841838775946869], [0.0028399128871361813, 0.9999947197797788, -0.0015796541886374201], [0.7841844774441623, -0.0012468048845803595, 0.6205265109672663]], [[0.6209090673362003, -0.003043993863412419, -0.7838766894104282], [0.0029099887628111372, 0.9999945205605719, -0.0015782313622404696], [0.7838771983321707, -0.0013011341944446438, 0.6209145230905118]], [[0.6210973232611797, -0.00306472510632557, -0.7837274542197841], [0.002943751239922201, 0.9999944228514813, -0.0015775279936659397], [0.7837279179450214, -0.0013273002508852332, 0.6211028810974948]], [[0.6212753938216863, -0.003084246642970473, -0.7835862252836999], [0.002975535862900616, 0.9999943298410777, -0.0015768551052573587], [0.7835866456353376, -0.0013519276384882355, 0.6212810483779647]], [[0.6214710715608732, -0.0031055999191624893, -0.783430955772189], [0.003010294258243472, 0.9999942269905786, -0.0015761072281142599], [0.78343132777638, -0.0013788526599403785, 0.6214768325721267]], [[0.6216540281739064, -0.003125471438435024, -0.783285708208344], [0.003042632565028248, 0.9999941302337351, -0.0015753999969795177], [0.7832860343720124, -0.0014038968494086137, 0.6216598888712427]], [[0.622230130614626, -0.0031874502166837023, -0.7828278895877593], [0.0031434445380393314, 0.9999938220010255, -0.001573123077901861], [0.7828280675293553, -0.0014819314755139105, 0.6222363060504907]], [[0.623858947938369, -0.003357773882521963, -0.7815297425125858], [0.003420089264845964, 0.9999929248482924, -0.0015662831093350843], [0.7815294722956102, -0.0016957617497618718, 0.6238660179280773]], [[0.6272403094365008, -0.003688163259431628, -0.7788170463400104], [0.003955025638919873, 0.9999909771733252, -0.0015502722775041998], [0.7788157368660453, -0.0021078481232501933, 0.6272492367361565]], [[0.6282008482809768, -0.0037763406269951576, -0.7780420512225116], [0.0040974081322112535, 0.9999904115997529, -0.001545300991935272], [0.7780404266268316, -0.00221719643389844, 0.6282102980486026]], [[0.6284888306110991, -0.003802291329129085, -0.7778093162065782], [0.004139279930776792, 0.9999902415117069, -0.0015437755709897935], [0.7778075958479389, -0.002249324789207921, 0.6284984362583925]], [[0.628686350558037, -0.0038199609190069568, -0.7776495872310338], [0.004167781799219594, 0.9999901247559886, -0.0015427201227729795], [0.777647800882182, -0.0022711867119137104, 0.6286960628905103]], [[0.6288851706390761, -0.0038376406281376754, -0.7774887231752448], [0.004196293288879868, 0.9999900071686942, -0.001541650216248217], [0.7774868701610957, -0.002293049751929198, 0.6288949901612679]], [[0.6290941543618445, -0.003856109376568014, -0.7773195452117712], [0.004226070063951623, 0.9999898835175913, -0.0015405175394422595], [0.7773176218763943, -0.0023158762813891075, 0.6291040863302979]], [[0.6293042356074392, -0.0038745566899341713, -0.7771493851615635], [0.0042558049496536484, 0.9999897591787261, -0.001539370619597117], [0.777147390892339, -0.002338663748908927, 0.6293142803727739]], [[0.6295076230841787, -0.003892303196264501, -0.7769845574107241], [0.004284403290996605, 0.9999896387803694, -0.0015382523678335311], [0.7769824942476827, -0.002360573603045721, 0.6295177768140602]], [[0.6297040837603962, -0.00390933981661494, -0.7768252596032656], [0.004311851255914728, 0.9999895224765404, -0.0015371648864874368], [0.7768231296982792, -0.002381595964812571, 0.6297143425128838]], [[0.6298766011204769, -0.003924214711452973, -0.7766853081524183], [0.004335811295324067, 0.999989420352806, -0.0015362040459936143], [0.7766831194903939, -0.002399941948881696, 0.6298869519027324]], [[0.630050016258296, -0.003939086575306074, -0.7765445644712711], [0.0043597616591058526, 0.9999893177123921, -0.0015352326797372846], [0.7765423166133313, -0.002418275843940327, 0.6300604593614377]], [[0.6302367011969161, -0.003955006361818088, -0.7763929793533105], [0.004385394329120328, 0.9999892072446469, -0.0015341808242031124], [0.7763906676287459, -0.002437892307139679, 0.6302472434688561]], [[0.6303916952912705, -0.0039681527581510575, -0.7762670701965201], [0.004406557373585964, 0.999989115558238, -0.0015333026990173055], [0.7762647053421364, -0.002454084094218419, 0.6304023197223716]], [[0.6305473845773443, -0.003981293389542197, -0.7761405446860898], [0.004427707380345086, 0.9999890234936587, -0.0015324162468292755], [0.7761381263731524, -0.0024702621613697947, 0.630558091372103]], [[0.6307062551019077, -0.003994635688574833, -0.77601138049712], [0.004449178126045334, 0.999988929588621, -0.0015315071686113132], [0.7760089075450955, -0.0024866817086936313, 0.6307170457699313]], [[0.6308518553204576, -0.004006804260193941, -0.775892957925486], [0.004468756697832938, 0.9999888435691698, -0.0015306700397582594], [0.775890434824605, -0.002501650818066158, 0.6308627226987441]], [[0.6312076113449088, -0.004036298419996847, -0.775603416492812], [0.004516197788530731, 0.9999886335919048, -0.0015286086911317554], [0.7756007705887044, -0.002537908993731543, 0.6312186655036035]], [[0.6319822140065259, -0.00409934948604555, -0.7749720488593146], [0.00461755101856747, 0.9999881776875253, -0.0015240432322576076], [0.7749691344834342, -0.0026153047574079915, 0.6319936714707081]], [[0.6334670057528973, -0.004215745893418958, -0.773758218120508], [0.004804426411563105, 0.9999873110443807, -0.0015150039886633576], [0.7737547868086614, -0.0027577593789000704, 0.6334792219590896]], [[0.6350042144036386, -0.004330073514155683, -0.7724965360135725], [0.00498769080368872, 0.9999864284705331, -0.0015052625011644524], [0.7724925699513585, -0.0028971258365258733, 0.6350171934930752]], [[0.6365006758568503, -0.004434971505715061, -0.7712633925329954], [0.005155599000156178, 0.9999855916500409, -0.0014954234418532873], [0.7712589120604781, -0.0030244867439611356, 0.636514369867022]], [[0.6403865464983689, -0.004673595268277922, -0.7680385592996942], [0.005536879901194681, 0.9999835932707559, -0.0014683835569163247], [0.7680328209294459, -0.003312204187373052, 0.6404019169853943]], [[0.6454356077566005, -0.004899628683656428, -0.7637989721638929], [0.005898116972917637, 0.9999815826435645, -0.0014305907342454923], [0.7637919143693731, -0.00358162148160083, 0.6454526191220543]], [[0.6484332717126274, -0.00498317158734385, -0.7612551872644141], [0.006032854344422791, 0.9999808121658701, -0.0014071135522812563], [0.7612475923144237, -0.0036801224193181836, 0.6484508924309232]], [[0.6492646343605839, -0.00499914500161656, -0.7605461479212545], [0.006059006516755099, 0.999980663324092, -0.001400506316390924], [0.7605384428210299, -0.0036988548451092856, 0.6492823695929116]], [[0.6500506170425076, -0.005011262145175256, -0.7598743860233454], [0.006079103110904841, 0.9999805501243703, -0.0013942303727008042], [0.7598665934149309, -0.0037130344298905104, 0.6500684376181473]], [[0.6513864379897053, -0.005025021406352197, -0.7587295022357692], [0.006102693323798602, 0.9999804213227363, -0.0013835119810735829], [0.7587215994930349, -0.003729092526588295, 0.6514043508694484]], [[0.6517421285659711, -0.005027201742691863, -0.7584239744990423], [0.0061066876901802085, 0.9999804008943292, -0.0013806493670373988], [0.7584160508703264, -0.003731630991727262, 0.6517600545541192]], [[0.6520838531355712, -0.005028698133317124, -0.7581301739641678], [0.0061096046718011636, 0.9999803868735936, -0.0013778965475409717], [0.7581222336870295, -0.0037333715627348133, 0.6521017870901383]], [[0.652437742796059, -0.0050296239194268615, -0.7578256360525165], [0.006111666706080848, 0.9999803782002471, -0.0013750434785161274], [0.7578176821012077, -0.0037344474454998216, 0.652455680178369]], [[0.6530391508492113, -0.00502972416352205, -0.7573074470338771], [0.0061129101758805714, 0.9999803772604725, -0.0013701909312189972], [0.7572994782695367, -0.0037345640770115904, 0.6530570826840717]], [[0.6541559871455317, -0.005024897236983576, -0.7563429743769696], [0.00610754183701728, 0.9999804223784469, -0.0013611732202029165], [0.7563350067360057, -0.0037289767475961254, 0.654173870097278]], [[0.660442205455699, -0.004866568471637715, -0.7508611121666323], [0.005878089399615599, 0.9999818645722142, -0.0013109506823951688], [0.7508538748104138, -0.003547821584078054, 0.6604588341783184]], [[0.6618578357869425, -0.004797361083263795, -0.7496140277062925], [0.005775879883926622, 0.9999824745087287, -0.0012999565261402998], [0.7496071267130411, -0.003469294170322151, 0.6618739453845929]], [[0.6626937333554036, -0.004750155137086733, -0.7488754581354897], [0.005706049623984979, 0.9999828837119749, -0.0012935535455193179], [0.7488687847474723, -0.003415890697922755, 0.6627094951195225]], [[0.6635301455809131, -0.004698037252389852, -0.7481347969125192], [0.005628897106053515, 0.9999833291487212, -0.0012872225965618429], [0.7481283722882939, -0.0033570627963795717, 0.6635455287368288]], [[0.664344910458499, -0.004642495916769683, -0.7474117253425588], [0.00554664328283779, 0.9999837965874804, -0.0012811365207876753], [0.7474055623931175, -0.003294509698690174, 0.6643598960726494]], [[0.6667148182783104, -0.004454278637698498, -0.7452996112235174], [0.005267895145270245, 0.999985325734206, -0.0012639608363481014], [0.7452943045326782, -0.0030834587844118778, 0.6667284994006669]], [[0.6689346294271465, -0.004242065340495742, -0.743309132484461], [0.0049538900599614116, 0.9999869497567311, -0.0012487151421317845], [0.7433047292506825, -0.002846962922023722, 0.6689469143928232]], [[0.6709565438050986, -0.004018345692165435, -0.7414857849095988], [0.0046233484041219705, 0.9999885488155774, -0.0012356727936642601], [0.7414822593795763, -0.0025990643734223307, 0.6709674387701167]], [[0.6722608917940648, -0.0038584182861813375, -0.7403042658073546], [0.004387394846419361, 0.9999896216514647, -0.0012277442019924495], [0.7403013198223416, -0.002422642708451374, 0.6722708432407247]], [[0.6734630533078774, -0.003700014920917971, -0.7392116244478335], [0.004153970144021204, 0.9999906270370682, -0.0012208071334610603], [0.7392092128492882, -0.0022484945184613283, 0.6734721107151542]], [[0.6764472210015432, -0.00326059569897379, -0.7364838937240691], [0.0035078773536204094, 0.999993121008151, -0.0012052936791237755], [0.7364827574327534, -0.0017681776123591375, 0.6764540054964329]], [[0.6793334558505589, -0.002771195232840104, -0.7338244859904218], [0.002790671155956168, 0.9999953945501265, -0.0011929094850658315], [0.7338244121836139, -0.0012374795035734014, 0.679338060708982]], [[0.6836151234682744, -0.0019203570017836701, -0.7298401709925469], [0.0015491983086187912, 0.9999981036505388, -0.0011801186085872275], [0.7298410532095649, -0.0003239202301392806, 0.68361680210892]], [[0.6867501961673242, -0.001192546243650441, -0.7268925270613166], [0.000492102129089793, 0.9999991878040136, -0.0011756814240858322], [0.7268933387365898, 0.00044969408844279947, 0.6867502252461144]], [[0.6874699448667246, -0.0010116043761979915, -0.7262121257329136], [0.00022992947133493546, 0.9999992828735054, -0.001175323324292927], [0.7262127939091759, 0.0006410218908133668, 0.6874696844614699]], [[0.6879078624734399, -0.0008988196425128339, -0.7257974682171753], [6.663293815322693e-05, 0.9999993071925757, -0.001175233774008954], [0.7257980217025014, 0.0007600905355815449, 0.6879074457767569]], [[0.6883436118469467, -0.0007845273024967355, -0.725384350910881], [-9.87534749380427e-05, 0.9999993045252572, -0.0011752432754015354], [0.7253847684348228, 0.0008806054263147975, 0.6883430556465506]], [[0.6887561268765572, -0.0006744088969459972, -0.7249927881452561], [-0.00025801287456698785, 0.9999992759969563, -0.0011753445975832913], [0.7249930559111244, 0.000996583266094396, 0.6887554542088444]], [[0.6903652997979627, -0.0002266150027954061, -0.7234609191106997], [-0.0009047822100745294, 0.9999988984562367, -0.0011766288577354745], [0.723460388828588, 0.0014668783034249913, 0.6903643342931468]], [[0.6914664909453112, 9.70389258273315e-05, -0.7224085288001612], [-0.0013714273457091333, 0.9999983653260823, -0.001178359962787142], [0.7224072335509961, 0.0018055272397169136, 0.6914654937049076]], [[0.6918260572167145, 0.00020584300921213657, -0.7220641690214377], [-0.001528151860137234, 0.9999981372573812, -0.0011790817034887926], [0.7220625812960104, 0.0019191431490975712, 0.691825083082208]], [[0.6921713807056659, 0.00031181600684748566, -0.7217331102996305], [-0.0016807276607679381, 0.9999978915529713, -0.0011798492046193607], [0.7217312206677307, 0.0020296946551665333, 0.6921704453767603]], [[0.6932460857126508, 0.0006511520146053466, -0.720700659528719], [-0.0021688314579638903, 0.9999969486723406, -0.0011827155696300172], [0.7206976903072363, 0.0023829912013266417, 0.6932453826306655]], [[0.694478908606023, 0.0010589564381058858, -0.7195122821138205], [-0.0027545268556759873, 0.9999955018819854, -0.0011869277994012214], [0.7195077887578276, 0.0028062122268015816, 0.6944787016818788]], [[0.6956386080442192, 0.001461748537431655, -0.7183904163402399], [-0.003332108427478228, 0.9999937382700483, -0.0011918364506290143], [0.7183841758082642, 0.0032228422100468953, 0.6956391228477296]], [[0.6970577899566043, 0.0019817562216686026, -0.7170122105676312], [-0.004076493487153706, 0.9999909720659035, -0.0011991611826717402], [0.7170033609835131, 0.0037587802503916477, 0.6970595755811433]], [[0.6987635439060529, 0.0026496750396246722, -0.7153478097611161], [-0.00503062295074456, 0.9999866142674739, -0.001210007687887366], [0.7153350281795031, 0.0044441543696993645, 0.6987675199602192]], [[0.7003631395093536, 0.0033231020721193978, -0.7137789782623245], [-0.005990507003498656, 0.999981309664051, -0.0012223536368528925], [0.7137615754875238, 0.005131989398936068, 0.7003699565532239]], [[0.7023021468075102, 0.004208596978345103, -0.7118665480980423], [-0.007249684611632573, 0.9999729513978707, -0.0012403812583915116], [0.7118420728381974, 0.006031930379919854, 0.7023136615169151]], [[0.7043650762532382, 0.005247378228272434, -0.7098185010102844], [-0.008722894539528547, 0.9999611564563687, -0.0012636017160588728], [0.709784298548236, 0.007081708845613245, 0.7043834885445583]], [[0.7050914747303386, 0.005640434026083986, -0.7090939273231589], [-0.009279306698105328, 0.999956136192238, -0.0012728545461804964], [0.7090556443113529, 0.007477378918488006, 0.7051128860506727]], [[0.7057215699017724, 0.005994235021756258, -0.7084639263377277], [-0.009779697853030532, 0.9999513566248157, -0.0012813641546372539], [0.7084217834632629, 0.007832849462189996, 0.7057458630300427]], [[0.7062784569555681, 0.006317551422512921, -0.7079059469904693], [-0.010236613020342763, 0.9999467733478481, -0.0012892730904837905], [0.7078601224778257, 0.00815714504309083, 0.7063055344469636]], [[0.7073128164877672, 0.006946768356493154, -0.7068665517914472], [-0.011124886414165511, 0.9999372650052439, -0.0013049736040637314], [0.7068131411726886, 0.008786834653994118, 0.7073457252308434]], [[0.7090872737923024, 0.008125814385233273, -0.7050739034217368], [-0.012786234674801734, 0.9999173613097243, -0.0013351982032952178], [0.705004787465043, 0.009962012446184675, 0.7091325743183564]], [[0.7111800569021856, 0.00972015718495536, -0.702942704072596], [-0.015026991483419842, 0.9998861404244103, -0.0013768493515146796], [0.7028492841225297, 0.011542301827595419, 0.7112451469619725]], [[0.7140404787780017, 0.01243831816424234, -0.699993916336248], [-0.018834608329531335, 0.9998215665964012, -0.0014465468524564556], [0.6998510214292676, 0.0142170042543509, 0.7141473409559643]], [[0.7152929825585711, 0.013954404199041188, -0.6986853538653475], [-0.020952836856913248, 0.9997793654538751, -0.0014829161471696954], [0.6985105065281026, 0.015700159747648455, 0.7154275485706326]], [[0.7159354799852968, 0.014862407846921869, -0.6980082358620452], [-0.022219960669824422, 0.9997519759156712, -0.0015033298200001028], [0.6978127699075786, 0.01658600270432701, 0.7160881528612493]], [[0.716457010677085, 0.015694890731630756, -0.6974546739800432], [-0.02338084687991183, 0.9997254736817202, -0.0015209441289727832], [0.6972393332643156, 0.017396772022057624, 0.7166272842087281]], [[0.7169496034830096, 0.016592941806145674, -0.6969275000656842], [-0.024632379119151535, 0.9996953929243096, -0.0015385918385333634], [0.6966896812530811, 0.018270075208739807, 0.7171399391941431]], [[0.7174286756999754, 0.017625235820797617, -0.6964089648659552], [-0.02607014128022218, 0.9996589037159598, -0.001556905597607549], [0.6961439815275587, 0.019272448823950888, 0.7176434558325724]], [[0.7177485841716521, 0.018457325829767057, -0.6960576822669472], [-0.027228518883105977, 0.9996280023275225, -0.0015699433506141203], [0.6957697734732775, 0.020079444362470063, 0.7179841490138004]], [[0.7180020837598227, 0.019259894076833522, -0.6957744348542375], [-0.028345434391149397, 0.9995969373223762, -0.001580900030903753], [0.6954635461803619, 0.020857118110605203, 0.7182586139813351]], [[0.7182821910585058, 0.020463784300903804, -0.6954508807531343], [-0.030020375108965724, 0.9995480159371493, -0.001594024601605297], [0.695103928262921, 0.022022655793512366, 0.7185718694363766]], [[0.7184343944910555, 0.02157162888405026, -0.695260156804337], [-0.03156138884682496, 0.9995005311401488, -0.0016021812085646285], [0.694878334348082, 0.023094438245046693, 0.7187563894504269]], [[0.7184796703963285, 0.022313219119622817, -0.6951899621540394], [-0.03259289261249938, 0.9994674213460041, -0.0016053096661700482], [0.6947838991933881, 0.02381163414160844, 0.7188242758151473]], [[0.7184842084115087, 0.022523844614132583, -0.6951784797353253], [-0.03288586279459006, 0.999457823687122, -0.0016058327628528492], [0.6947654009027637, 0.024015309583787624, 0.718835379356115]], [[0.7184851832986175, 0.022668012634931872, -0.6951727861356244], [-0.03308639623368382, 0.9994512048349103, -0.0016060941189261358], [0.6947548717099108, 0.024154717080389094, 0.7188408849517011]], [[0.7184844282172678, 0.022811721061931235, -0.6951688656661275], [-0.03328629295682051, 0.9994445670377629, -0.0016062751621537749], [0.6947461040628681, 0.02429367820846338, 0.7188446759130954]], [[0.7184818586924699, 0.022959162291233938, -0.6951666674954506], [-0.03349138512947757, 0.9994377152550231, -0.001606377269946005], [0.6947389048066602, 0.02443624751693816, 0.7188468014503273]], [[0.7184656986663617, 0.023359225973403338, -0.6951700413580927], [-0.034047897821998636, 0.9994189115272232, -0.0016062178084675117], [0.6947285660556896, 0.024823090937046256, 0.7188435390699215]], [[0.7184254565455117, 0.023869674522342576, -0.6951942908465248], [-0.03475801889472849, 0.9993944686267417, -0.001605054762677626], [0.6947350167581319, 0.025316688497408472, 0.7188200899902816]], [[0.7183223924547969, 0.024640477771600344, -0.6952738937665042], [-0.03583050354428607, 0.9993565987049268, -0.0016011373107460785], [0.6947871008545098, 0.02606214649855442, 0.7187431036233365]], [[0.7180141825332359, 0.025993643603046623, -0.6955429276280485], [-0.03771397802212617, 0.9992873141697269, -0.0015873251731874437], [0.6950059636743476, 0.027371412672650277, 0.7184827877029663]], [[0.7178267055292937, 0.026583181625314055, -0.6957141333073995], [-0.038534928833712234, 0.999256007462117, -0.001578230229037703], [0.6951545728028942, 0.027942190421485442, 0.7183170288289885]], [[0.7176708429411824, 0.027007066928651024, -0.695858591617603], [-0.03912537446675007, 0.9992330753499701, -0.0015704137935552015], [0.6952825082403283, 0.028352768163931372, 0.7181771050879517]], [[0.7175006108867678, 0.0274217368719081, -0.6960179033071441], [-0.039703139361414015, 0.9992102991543168, -0.0015616621895195636], [0.6954254338906481, 0.028754589388021886, 0.7180227290881263]], [[0.7173299536514957, 0.027798804610442093, -0.6961788305145479], [-0.04022865916303067, 0.9991892934355494, -0.0015526962734787634], [0.6955712706662925, 0.029120136435176507, 0.7178667181850031]], [[0.7169426926918854, 0.028549182432836804, -0.6965472845242853], [-0.041274926250325444, 0.9991466530010789, -0.0015317505596286808], [0.6959091577632616, 0.02984811516935681, 0.7175092571960976]], [[0.7164814584156236, 0.029307134088448244, -0.6969902521830365], [-0.042332470124066414, 0.9991024443095861, -0.0015059043165363997], [0.6963205308762975, 0.0305842715482502, 0.7170790197837648]], [[0.7164034725944748, 0.029424090619392357, -0.6970654828248415], [-0.0424957271249355, 0.999095520369483, -0.0015014505519707583], [0.6963908224773883, 0.030697948935696523, 0.7170058983721395]], [[0.7163296050039507, 0.029532303335427033, -0.6971368158795075], [-0.04264679702763641, 0.9990890896517676, -0.0014972114382723013], [0.6964575706374367, 0.03080314916549098, 0.7169365511001089]], [[0.7162228728560934, 0.02968452431871063, -0.6972400056033548], [-0.04285933479617383, 0.9990800038957122, -0.001491052171531761], [0.6965542863399998, 0.030951168503312986, 0.7168362095693017]], [[0.7159744391115205, 0.030021709576266507, -0.6974806803726479], [-0.043330258874037256, 0.9990597121366127, -0.0014765674458947888], [0.6967805186749161, 0.03127920298907113, 0.7166020654837062]], [[0.7157228612299718, 0.03034172466135479, -0.6977249928570618], [-0.043777377715226884, 0.9990402417457078, -0.001461702110807883], [0.6970109949729584, 0.03159074417067068, 0.7163642214471493]], [[0.7149858650132134, 0.031180021603031606, -0.6984432826537674], [-0.044949514744748356, 0.998988254604016, -0.001417140584710714], [0.6976924494041408, 0.03240792211882003, 0.7156640081968776]], [[0.7142886851383696, 0.03186714091505802, -0.6991252817723215], [-0.04591133661084693, 0.998944573994558, -0.0013737748868874599], [0.6983436284909711, 0.03307904800223255, 0.7149978693180561]], [[0.713568922026897, 0.03249298083874642, -0.6998311222813787], [-0.04678833429952396, 0.9989039435029148, -0.0013279411903325603], [0.6990209190652874, 0.03369151006621222, 0.7143071026236606]], [[0.7124556936466813, 0.03332596993980711, -0.7009252915382825], [-0.047957244203515575, 0.9988486007193714, -0.0012552168583799803], [0.7000764153425408, 0.03450873177223535, 0.713233594352257]], [[0.7118973268625647, 0.03369010480051015, -0.7014749980181008], [-0.04846889926546658, 0.9988239495931768, -0.0012179996242401817], [0.7006089935263178, 0.034866811692798344, 0.7126930220175084]], [[0.7116440522242408, 0.0338442972803444, -0.7017245232108472], [-0.04868569933186125, 0.9988134261975771, -0.001200969620111624], [0.70085122930224, 0.03501861203789091, 0.7124473673167082]], [[0.7113996735182717, 0.033986828314833635, -0.7019653837755987], [-0.048886182732167556, 0.9988036534800652, -0.001184454623229273], [0.7010853340756779, 0.03515902865517202, 0.712210079294059]], [[0.7110481600036735, 0.03418145681223806, -0.702311997737197], [-0.04916007716269543, 0.9987902381921189, -0.0011605625755324565], [0.7014226977855645, 0.03535092788494832, 0.7118683241505578]], [[0.7102470224683075, 0.034581402474019515, -0.7031026195925195], [-0.049723431792032056, 0.9987624132356321, -0.0011055489874579316], [0.7021942376620296, 0.03574588802464171, 0.7110875361610561]], [[0.7094185710254778, 0.034934336618506596, -0.7039210774008859], [-0.05022125109340417, 0.9987375670313798, -0.0010479212077197033], [0.7029958157932485, 0.03609521194381628, 0.7102774237239606]], [[0.7083184403961632, 0.03531059250685779, -0.705009325506826], [-0.05075288791268424, 0.9987107702946302, -0.0009703947807138856], [0.7040661413271475, 0.036468607792488804, 0.7091973697655736]], [[0.7078293046804467, 0.03544348048542439, -0.705493752719826], [-0.05094097060414344, 0.9987012276726954, -0.000935606199407291], [0.7045443158166366, 0.03660078600428855, 0.7087155208645883]], [[0.7075631274115072, 0.03550647766101773, -0.7057575439000161], [-0.05103021695179346, 0.998696689090376, -0.0009166012083987677], [0.7048051771131718, 0.036663513798186394, 0.7084528559265392]], [[0.7074562741657293, 0.03552985244472177, -0.7058634781094918], [-0.0510633486247996, 0.9986950026021468, -0.0009089580417249361], [0.7049100329622184, 0.036686800933790155, 0.70834731881082]], [[0.7073737314190173, 0.03554714050982478, -0.7059453271323064], [-0.05108785989799147, 0.9986937543984352, -0.0009030485051224356], [0.7049910883616959, 0.03670402875889772, 0.7082657549278282]], [[0.7072976313117512, 0.03556247452925586, -0.7060208007885961], [-0.051109606187261854, 0.9986926466518391, -0.0008975961950471589], [0.70506586138899, 0.03671931275095157, 0.7081905274535435]], [[0.7072094600877952, 0.03557949712609773, -0.7061082629077581], [-0.05113375389606889, 0.9986914162256082, -0.0008912742488642977], [0.705152550002377, 0.03673628371983536, 0.7081033305130189]], [[0.7069859805524051, 0.03561890760089849, -0.706330033853652], [-0.05118969324004731, 0.9986885647097861, -0.000875227912429909], [0.7053725530585758, 0.03677559162307664, 0.707882135141457]], [[0.7067292077516093, 0.035657097482765784, -0.7065850255347303], [-0.051243962058749766, 0.9986857976006155, -0.0008567516240146059], [0.7056258805226274, 0.0368137076362621, 0.7076276334815983]], [[0.7065035069730209, 0.03568376707908009, -0.7068093543537018], [-0.05128192425549653, 0.9986838628130114, -0.000840476970083722], [0.7058491048938897, 0.03684034369993705, 0.7074035836752552]], [[0.7062634163798583, 0.035704196313496146, -0.7070482282341753], [-0.05131108799389679, 0.9986823792908099, -0.0008231299598309697], [0.7060872176525805, 0.036860760432407325, 0.7071648502350854]], [[0.7060505262444443, 0.03571455925899549, -0.7072602948327492], [-0.051325988386038066, 0.9986816261990392, -0.0008077181688169307], [0.7062990140911771, 0.03687112351664181, 0.706952772782228]], [[0.7058617342984287, 0.03571676901117525, -0.7074486019949755], [-0.05132932781749567, 0.9986814655470901, -0.0007940267764400148], [0.7064874465686194, 0.03687333432332633, 0.7067643490279212]], [[0.7057774845668993, 0.035715377113072454, -0.7075327230002297], [-0.05132745263389915, 0.9986815667694076, -0.0007879093333931561], [0.7065717478675215, 0.03687194099411685, 0.7066801434049147]], [[0.7056951848277774, 0.03571245990948124, -0.7076149562566717], [-0.05132341596091603, 0.9986817789273225, -0.0007819288093959013], [0.7066542387087346, 0.03686902013579523, 0.7065978079991715]], [[0.7056094968340209, 0.03570766143974295, -0.7077006435578346], [-0.05131671942020534, 0.9986821279076376, -0.000775696991389336], [0.7067402863043942, 0.0368642145227459, 0.7065119938132917]], [[0.7054665584012921, 0.03569523827790251, -0.7078437574364477], [-0.05129929069938716, 0.9986830313497621, -0.0007652893513599245], [0.7068842322128888, 0.036851768727363725, 0.7063686214650877]], [[0.7052482256812616, 0.035663687028589, -0.7080628796943019], [-0.05125485334113022, 0.9986853250496978, -0.0007493592998317755], [0.7071052822475876, 0.03682014337163382, 0.7061489905534669]], [[0.7050654149794788, 0.035622463050550265, -0.7082469913286294], [-0.05119666281456514, 0.9986883197694962, -0.0007359841260028313], [0.7072917801844555, 0.036778799357700516, 0.7059643458428609]], [[0.7050123185049433, 0.03560731068781834, -0.7083006072155338], [-0.051175255271304725, 0.9986894198347279, -0.0007320915878463841], [0.7073462546760464, 0.03676359797078057, 0.7059105565580112]], [[0.7049998124994203, 0.035603501267809236, -0.7083132464335843], [-0.05116987208235857, 0.99868969633986, -0.000731174175411629], [0.7073591086335754, 0.03675977587081619, 0.7058978752702615]], [[0.7049874078575156, 0.0355996273649787, -0.708325787539776], [-0.05116439733273508, 0.9986899775005861, -0.0007302639648769443], [0.7073718676961561, 0.03675588893435788, 0.7058852919708171]], [[0.7049786161120365, 0.03559682267083455, -0.7083346786939965], [-0.05116043336452548, 0.9986901810443978, -0.0007296187110637581], [0.7073809163970576, 0.03675307471832189, 0.705876370631598]], [[0.7049706372904879, 0.0355942338807265, -0.7083427497142295], [-0.0511567743489486, 0.9986903689077401, -0.000729033013152892], [0.70738913265365, 0.03675047707673276, 0.7058682720155214]], [[0.7049630497250771, 0.03559173304942924, -0.7083504267386904], [-0.051153239485218306, 0.9986905503773301, -0.0007284759397567293], [0.7073969498184988, 0.03674796763856301, 0.7058605685699891]], [[0.7049555004992122, 0.035589206534506326, -0.7083580667248575], [-0.05114966815350416, 0.9986907336998535, -0.0007279215865512184], [0.7074047312279731, 0.03674543237320556, 0.7058529021233915]], [[0.7048821396984879, 0.035562533381776465, -0.7084324070464165], [-0.05111195547443174, 0.9986926684215588, -0.0007225293126334596], [0.7074805560166939, 0.03671866365348482, 0.7057782956409475]], [[0.7048055394440361, 0.03553004305837312, -0.708510245239474], [-0.051065999320284605, 0.9986950234110441, -0.0007168873246557986], [0.7075601849188882, 0.036686049859388205, 0.7057001618699631]], [[0.7047281292687052, 0.03549135488904231, -0.7085891810813931], [-0.05101125577688816, 0.9986978251804695, -0.0007111707719363208], [0.7076412336781438, 0.03664720600457586, 0.7056209086262692]], [[0.7046865172166674, 0.03546761330083316, -0.7086317526471801], [-0.05097765247338224, 0.9986995431843454, -0.0007080901668464045], [0.7076850933864411, 0.036623364811602006, 0.7055781584973626]], [[0.7046468561396468, 0.0354426969241832, -0.7086724372848718], [-0.05094238011038154, 0.9987013450852548, -0.000705147923251166], [0.707727123997117, 0.03659834094114873, 0.7055372983756094]], [[0.7045963112005202, 0.035407103069621984, -0.7087244706477018], [-0.050891982688923046, 0.9987039171611667, -0.000701387862164968], [0.7077810709115068, 0.03656258879182117, 0.7054850336897515]], [[0.7045594135020151, 0.03537784503181875, -0.7087626125344293], [-0.05085054871388655, 0.9987060296233771, -0.0006986339586655482], [0.7078207785458283, 0.03653319688743341, 0.7054467173245549]], [[0.7045247752741596, 0.03534729453695416, -0.7087985678553824], [-0.05080727814445611, 0.9987082336778501, -0.000696039957038169], [0.7078583626068679, 0.036502503379734645, 0.7054105937215327]], [[0.704459638951395, 0.03527913703723724, -0.708866700853134], [-0.05071072279361202, 0.998713144467427, -0.0006911307654914902], [0.7079301093202979, 0.03643401649411184, 0.7053421317062285]], [[0.7044090547053834, 0.035212006221523616, -0.7089203045949185], [-0.05061560002973752, 0.9987179725458603, -0.0006872754303964058], [0.7079872489548997, 0.03636654962658379, 0.70