{"b2imat": [[[0.6127962870647643, -0.002024802205570437, -0.7902383252764116], [0.0012407938171348338, 0.9999979500859133, -0.0016000795839716457], [0.7902399452004072, 3.2526065174565133e-19, 0.6127975432470807]], [[0.6127962870647643, -0.002024802205570437, -0.7902383252764116], [0.0012407938171348338, 0.9999979500859133, -0.0016000795839716457], [0.7902399452004072, 3.2526065174565133e-19, 0.6127975432470807]], [[0.6127962870647643, -0.002024802205570437, -0.7902383252764116], [0.0012407938171348338, 0.9999979500859133, -0.0016000795839716457], [0.7902399452004072, 3.2526065174565133e-19, 0.6127975432470807]], [[0.6127962870647643, -0.002024802205570437, -0.7902383252764116], [0.0012407938171348338, 0.9999979500859133, -0.0016000795839716457], [0.7902399452004072, 3.2526065174565133e-19, 0.6127975432470807]], [[0.6127962870647643, -0.002024802205570437, -0.7902383252764116], [0.0012407938171348338, 0.9999979500859133, -0.0016000795839716457], [0.7902399452004072, 3.2526065174565133e-19, 0.6127975432470807]], [[0.6127962870647643, -0.002024802205570437, -0.7902383252764116], [0.0012407938171348338, 0.9999979500859133, -0.0016000795839716457], [0.7902399452004072, 3.2526065174565133e-19, 0.6127975432470807]], [[0.6127962870647643, -0.002024802205570437, -0.7902383252764116], [0.0012407938171348338, 0.9999979500859133, -0.0016000795839716457], [0.7902399452004072, 3.2526065174565133e-19, 0.6127975432470807]], [[0.6127962870647643, -0.002024802205570437, -0.7902383252764116], [0.0012407938171348338, 0.9999979500859133, -0.0016000795839716457], [0.7902399452004072, 3.2526065174565133e-19, 0.6127975432470807]], [[0.6127962870647643, -0.002024802205570437, -0.7902383252764116], [0.0012407938171348338, 0.9999979500859133, -0.0016000795839716457], [0.7902399452004072, 3.2526065174565133e-19, 0.6127975432470807]], [[0.6127962870647643, -0.002024802205570437, -0.7902383252764116], [0.0012407938171348338, 0.9999979500859133, -0.0016000795839716457], [0.7902399452004072, 3.2526065174565133e-19, 0.6127975432470807]], [[0.6127962870647643, -0.002024802205570437, -0.7902383252764116], [0.0012407938171348338, 0.9999979500859133, -0.0016000795839716457], [0.7902399452004072, 3.2526065174565133e-19, 0.6127975432470807]], [[0.6127962870647643, -0.002024802205570437, -0.7902383252764116], [0.0012407938171348338, 0.9999979500859133, -0.0016000795839716457], [0.7902399452004072, 3.2526065174565133e-19, 0.6127975432470807]], [[0.6127962870647643, -0.002024802205570437, -0.7902383252764116], [0.0012407938171348338, 0.9999979500859133, -0.0016000795839716457], [0.7902399452004072, 3.2526065174565133e-19, 0.6127975432470807]], [[0.6127962870647643, -0.002024802205570437, -0.7902383252764116], [0.0012407938171348338, 0.9999979500859133, -0.0016000795839716457], [0.7902399452004072, 3.2526065174565133e-19, 0.6127975432470807]], [[0.6127962870647643, -0.002024802205570437, -0.7902383252764116], [0.0012407938171348338, 0.9999979500859133, -0.0016000795839716457], [0.7902399452004072, 3.2526065174565133e-19, 0.6127975432470807]], [[0.6127962870647643, -0.002024802205570437, -0.7902383252764116], [0.0012407938171348338, 0.9999979500859133, -0.0016000795839716457], [0.7902399452004072, 3.2526065174565133e-19, 0.6127975432470807]], [[0.6127962870647643, -0.002024802205570437, -0.7902383252764116], [0.0012407938171348338, 0.9999979500859133, -0.0016000795839716457], [0.7902399452004072, 3.2526065174565133e-19, 0.6127975432470807]], [[0.6127962870647643, -0.002024802205570437, -0.7902383252764116], [0.0012407938171348338, 0.9999979500859133, -0.0016000795839716457], [0.7902399452004072, 3.2526065174565133e-19, 0.6127975432470807]], [[0.6127962870647643, -0.002024802205570437, -0.7902383252764116], [0.0012407938171348338, 0.9999979500859133, -0.0016000795839716457], [0.7902399452004072, 3.2526065174565133e-19, 0.6127975432470807]], [[0.6127962870647643, -0.002024802205570437, -0.7902383252764116], [0.0012407938171348338, 0.9999979500859133, -0.0016000795839716457], [0.7902399452004072, 3.2526065174565133e-19, 0.6127975432470807]], [[0.6127962870647643, -0.002024802205570437, -0.7902383252764116], [0.0012407938171348338, 0.9999979500859133, -0.0016000795839716457], [0.7902399452004072, 3.2526065174565133e-19, 0.6127975432470807]], [[0.6127962870647643, -0.002024802205570437, -0.7902383252764116], [0.0012407938171348338, 0.9999979500859133, -0.0016000795839716457], [0.7902399452004072, 3.2526065174565133e-19, 0.6127975432470807]], [[0.6127962870647643, -0.002024802205570437, -0.7902383252764116], [0.0012407938171348338, 0.9999979500859133, -0.0016000795839716457], [0.7902399452004072, 3.2526065174565133e-19, 0.6127975432470807]], [[0.6127962870647643, -0.002024802205570437, -0.7902383252764116], [0.0012407938171348338, 0.9999979500859133, -0.0016000795839716457], [0.7902399452004072, 3.2526065174565133e-19, 0.6127975432470807]], [[0.6127962870647643, -0.002024802205570437, -0.7902383252764116], [0.0012407938171348338, 0.9999979500859133, -0.0016000795839716457], [0.7902399452004072, 3.2526065174565133e-19, 0.6127975432470807]], [[0.6127962870647643, -0.002024802205570437, -0.7902383252764116], [0.0012407938171348338, 0.9999979500859133, -0.0016000795839716457], [0.7902399452004072, 3.2526065174565133e-19, 0.6127975432470807]], [[0.6127962870647643, -0.002024802205570437, -0.7902383252764116], [0.0012407938171348338, 0.9999979500859133, -0.0016000795839716457], [0.7902399452004072, 3.2526065174565133e-19, 0.6127975432470807]], [[0.6127962870647643, -0.002024802205570437, -0.7902383252764116], [0.0012407938171348338, 0.9999979500859133, -0.0016000795839716457], [0.7902399452004072, 3.2526065174565133e-19, 0.6127975432470807]], [[0.6127962870647643, -0.002024802205570437, -0.7902383252764116], [0.0012407938171348338, 0.9999979500859133, -0.0016000795839716457], [0.7902399452004072, 3.2526065174565133e-19, 0.6127975432470807]], [[0.6127962870647643, -0.002024802205570437, -0.7902383252764116], [0.0012407938171348338, 0.9999979500859133, -0.0016000795839716457], [0.7902399452004072, 3.2526065174565133e-19, 0.6127975432470807]], [[0.6127962870647643, -0.002024802205570437, -0.7902383252764116], [0.0012407938171348338, 0.9999979500859133, -0.0016000795839716457], [0.7902399452004072, 3.2526065174565133e-19, 0.6127975432470807]], [[0.6127962870647643, -0.002024802205570437, -0.7902383252764116], [0.0012407938171348338, 0.9999979500859133, -0.0016000795839716457], [0.7902399452004072, 3.2526065174565133e-19, 0.6127975432470807]], [[0.6127962870647643, -0.002024802205570437, -0.7902383252764116], [0.0012407938171348338, 0.9999979500859133, -0.0016000795839716457], [0.7902399452004072, 3.2526065174565133e-19, 0.6127975432470807]], [[0.6127962870647643, -0.002024802205570437, -0.7902383252764116], [0.0012407938171348338, 0.9999979500859133, -0.0016000795839716457], [0.7902399452004072, 3.2526065174565133e-19, 0.6127975432470807]], [[0.6127962870647643, -0.002024802205570437, -0.7902383252764116], [0.0012407938171348338, 0.9999979500859133, -0.0016000795839716457], [0.7902399452004072, 3.2432564675621354e-19, 0.6127975432470807]], [[0.6127962870647643, -0.002024802205570437, -0.7902383252764116], [0.0012407938171348338, 0.9999979500859133, -0.0016000795839716457], [0.7902399452004072, 3.216864726881835e-19, 0.6127975432470807]], [[0.6127962870647643, -0.002024802205570437, -0.7902383252764116], [0.001240793817134834, 0.9999979500859133, -0.0016000795839716457], [0.7902399452004072, 2.0162041959424365e-19, 0.6127975432470807]], [[0.6127962870647643, -0.0020248022055704435, -0.7902383252764116], [0.0012407938171348444, 0.9999979500859133, -0.0016000795839716457], [0.7902399452004072, -7.917991554643236e-18, 0.6127975432470807]], [[0.6127962870647663, -0.002024802205570763, -0.79023832527641], [0.00124079381713537, 0.9999979500859133, -0.0016000795839716424], [0.7902399452004056, -4.199880788429118e-16, 0.6127975432470827]], [[0.6127962870648292, -0.0020248022055806285, -0.7902383252763612], [0.0012407938171515966, 0.9999979500859133, -0.0016000795839715436], [0.7902399452003568, -1.3142121892279336e-14, 0.6127975432471457]], [[0.612796287067428, -0.0020248022059876822, -0.790238325274345], [0.0012407938178211158, 0.9999979500859125, -0.001600079583967461], [0.7902399451983406, -5.380636606388023e-13, 0.6127975432497458]], [[0.6127962871510182, -0.0020248022190810337, -0.7902383252094908], [0.001240793839356978, 0.999997950085886, -0.0016000795838361438], [0.7902399451334863, -1.74227763090694e-11, 0.6127975433333794]], [[0.6127962886087034, -0.0020248024473992873, -0.7902383240785328], [0.0012407942148935356, 0.9999979500854237, -0.0016000795815461725], [0.790239944002526, -3.118537440193743e-10, 0.612797544791822]], [[0.6127963156707844, -0.0020248066853890225, -0.7902383030821777], [0.0012408011855245126, 0.9999979500768426, -0.0016000795390324872], [0.7902399230061278, -5.7770119292399445e-09, 0.6127975718679617]], [[0.6127969090730088, -0.0020248995338584723, -0.7902378426856341], [0.001240953903323702, 0.9999979498888298, -0.0016000786067562186], [0.7902394626086303, -1.2551094078139886e-07, 0.6127981655782007]], [[0.6128051067249901, -0.002026178129068787, -0.7902314823986472], [0.0012430569832713886, 0.9999979472974141, -0.0016000657159226824], [0.790233102306598, -1.7743207835417733e-06, 0.6128063674732354]], [[0.6128538086024563, -0.0020337158322061297, -0.7901936935216443], [0.001255455459308211, 0.9999979319317648, -0.001599988682446506], [0.7901953132694814, -1.1493828684499405e-05, 0.6128550944186059]], [[0.6131686196580888, -0.0020813961598906998, -0.7899493095487966], [0.0013338736628192016, 0.9999978312320835, -0.0015994724698450214], [0.7899509254679346, -7.294625245338574e-05, 0.6131700661571783]], [[0.6137390783955994, -0.00216503204522654, -0.7895059570936526], [0.001471365409667344, 0.999997640004389, -0.0015984584712871938], [0.7895075545768718, -0.00018061532697249746, 0.6137408155273298]], [[0.6137853124604192, -0.0021716878246703097, -0.7894699956172233], [0.0014823032699876504, 0.9999976239892552, -0.0015983719406583866], [0.7894715909929134, -0.00018917673503559952, 0.6137870731998853]], [[0.6138201763979835, -0.0021766958275250808, -0.789442875097384], [0.0014905328499380656, 0.9999976118616035, -0.0015983062640759311], [0.7894444688251178, -0.0001956179055291418, 0.6138219549470866]], [[0.6138476801399534, -0.002180640028338829, -0.7894214782965214], [0.0014970140646422638, 0.9999976022633356, -0.001598254194632978], [0.789423070688771, -0.00020069042629120487, 0.6138494727436563]], [[0.6138755883504042, -0.002184636390800335, -0.7893997652592039], [0.0015035807810406016, 0.9999975924960982, -0.0015982011272473806], [0.7894013562645308, -0.0002058296583104639, 0.6138773952198204]], [[0.6139051648208277, -0.002188865285809579, -0.7893767525555044], [0.0015105293556971118, 0.9999975821144765, -0.0015981446327421331], [0.7893783420561896, -0.00021126751326889175, 0.6139069868136864]], [[0.6139555358339085, -0.002196052553489605, -0.7893375560380247], [0.0015223383339872279, 0.9999975643616223, -0.0015980478155221208], [0.7893391428941655, -0.00022050851714541353, 0.6139573835952284]], [[0.6140525319813827, -0.0022098408699514818, -0.7892620633038077], [0.0015449911451866272, 0.9999975299210424, -0.0015978592479162143], [0.7892636447788629, -0.00023823338210331833, 0.6140544294077204]], [[0.614301636440347, -0.002244952402750602, -0.7890680957024067], [0.0016026639974577419, 0.9999974399478005, -0.0015973621872659618], [0.7890696616489724, -0.0002833488228994026, 0.6143036617004828]], [[0.6149093624366037, -0.0023289496390953243, -0.7885943519842057], [0.001740563257474605, 0.9999972114906696, -0.0015960734421903132], [0.7885958701561637, -0.0003911578513764882, 0.614911701440279]], [[0.6165623696503518, -0.002547329489041882, -0.787301946805429], [0.002098578102498513, 0.9999965306829269, -0.0015920402189545052], [0.78730327085634, -0.0006706225356431062, 0.6165655763698812]], [[0.6185184961684298, -0.0027902817705518328, -0.7857652857088983], [0.0024959571741221464, 0.9999956268863792, -0.0015863183487029456], [0.7857662757431945, -0.000980069262557172, 0.618522755740572]], [[0.6195251183998266, -0.002909857854036669, -0.7849714392249897], [0.0026911587100085376, 0.9999951258892008, -0.0015829916739941582], [0.7849722194679754, -0.0011317796215211398, 0.6195299296550649]], [[0.6201533192701647, -0.002982815435237728, -0.7844749603462675], [0.0028101294054366493, 0.9999948021270018, -0.0015807883173662616], [0.7844755979448454, -0.0012241450318196518, 0.6201584778893368]], [[0.6203198000570421, -0.0030019465890259184, -0.7843432500977295], [0.002841309802297302, 0.9999947149678707, -0.0015801882594465994], [0.7843438484592071, -0.001248340099716042, 0.6203250511072372]], [[0.6204824799667648, -0.0030205604247046996, -0.7842144912388547], [0.0028716404420602503, 0.9999946292653177, -0.0015795954204529273], [0.7842150506943015, -0.0012718707644644607, 0.6204878214834625]], [[0.6209518066838947, -0.0030738188528832274, -0.7838427172677362], [0.0029583870532836677, 0.9999943791528028, -0.0015778494365828368], [0.7838431614309402, -0.0013391416882543214, 0.6209574099545704]], [[0.6222082347378698, -0.003213237357587221, -0.7828451875882416], [0.0031852122460606837, 0.9999936901550314, -0.001572918647509778], [0.7828453021174314, -0.001514845143222442, 0.6222145435433507]], [[0.6227020954670814, -0.0032668116784504457, -0.7824521891095741], [0.003272273583249359, 0.999993412259021, -0.0015708800581274284], [0.7824521662865426, -0.0015822073246555292, 0.6227086831685257]], [[0.6232035087651973, -0.003320511777123752, -0.7820526586261862], [0.003359482402772734, 0.9999931264218253, -0.00156875335535435], [0.7820524921900917, -0.001649639549252336, 0.6232103803280438]], [[0.6250122084115577, -0.0035084064031307067, -0.7806070909369319], [0.003664169334583042, 0.9999920691387557, -0.0015606161214632792], [0.7806063753260002, -0.0018848724364107737, 0.6250201069216117]], [[0.627599998155433, -0.003761449777083953, -0.7785268741738313], [0.004073364112977246, 0.9999905060307989, -0.0015477574328868833], [0.778525304675516, -0.002199850868223206, 0.6276093614949139]], [[0.6290284986612837, -0.0038932326635241488, -0.7773724915453083], [0.004285940865509691, 0.9999896293833972, -0.0015400768014551171], [0.7773704255905481, -0.002363020330994775, 0.6290386614128627]], [[0.6293826363461206, -0.003925039127366472, -0.7770856395107666], [0.004337192224177456, 0.9999894114327845, -0.0015381111548859587], [0.7770834484337051, -0.0024023093395506004, 0.6293929957349534]], [[0.6295669939415937, -0.0039414615697061384, -0.7769362039575974], [0.004363646088411911, 0.9999892979341763, -0.001537078374434622], [0.7769339474705439, -0.0024225808156997713, 0.6295774554175446]], [[0.6297524300130486, -0.00395788663875016, -0.7767858212055732], [0.004390098418106281, 0.9999891837607023, -0.0015360330350141355], [0.7767834987488734, -0.0024428456685015435, 0.6297629939719384]], [[0.6299254075695824, -0.003973123771514769, -0.7766454758677174], [0.004414632429812172, 0.9999890772581811, -0.0015350520649828432], [0.7766430917215491, -0.0024616360065577237, 0.629936066938039]], [[0.6300862884534031, -0.003987222256869763, -0.7765148879201806], [0.004437328618633725, 0.9999889782120739, -0.0015341346432898647], [0.7765124462735588, -0.002479014531585119, 0.6300970363913851]], [[0.6302386265231508, -0.004000507227303351, -0.776391183347762], [0.004458711279672303, 0.9999888844397185, -0.0015332614692083622], [0.7763886871483499, -0.002495383524176086, 0.6302494581744039]], [[0.6305459935149735, -0.00402711985465813, -0.7761414383782718], [0.004501533888071163, 0.9999886953069078, -0.0015314865470817806], [0.7761388318173951, -0.0025281542804116274, 0.6305569936025327]], [[0.6308561417231479, -0.004053713336466, -0.7758892291160967], [0.004544310440426069, 0.9999885045980403, -0.0015296778736244327], [0.7758865108331281, -0.0025608748430524728, 0.6308673111100568]], [[0.6313179411073064, -0.004092826864042495, -0.7755133177478605], [0.004607198154718108, 0.9999882210016309, -0.0015269522447022346], [0.7755104325289222, -0.0026089511791927045, 0.6313293612786827]], [[0.6316533114240572, -0.004120870198269666, -0.7752400354701977], [0.004652266529390084, 0.9999880154020488, -0.0015249486588545494], [0.7752370286455386, -0.00264338439914407, 0.63166491269957]], [[0.6319917234127707, -0.004148859623151907, -0.7749640304566301], [0.004697231234423978, 0.9999878083129055, -0.0015229065247664778], [0.7749609006630511, -0.0026777209302322976, 0.6320035065204409]], [[0.6327117858765421, -0.00420738582098964, -0.7743759383642234], [0.004791197806334334, 0.9999873692197305, -0.0015184941830375422], [0.7743725462827943, -0.002749419130775974, 0.632723952650716]], [[0.6334959733491242, -0.004269534616978498, -0.7737342068337173], [0.0048908987771977925, 0.9999868939960024, -0.001513586925179746], [0.7737305285818816, -0.0028254044636639203, 0.6335085526100017]], [[0.6338380391030356, -0.004296125780201439, -0.7734538664259821], [0.004933531330153921, 0.9999866878600239, -0.0015114136940285957], [0.773450063323182, -0.0028578673903447444, 0.6338507964334711]], [[0.634182805784089, -0.004322605017503826, -0.773171057356446], [0.004975969160782055, 0.9999864809264122, -0.0015092035389921987], [0.773167128490815, -0.0028901644025576155, 0.6341957413693302]], [[0.6355085844897704, -0.004421305327449463, -0.7720811428205013], [0.005134023391567244, 0.9999856950137308, -0.0015005238156614099], [0.7720767324842942, -0.0030102868813442875, 0.6355221926331671]], [[0.6364433421931929, -0.004487784805853539, -0.7713103992333412], [0.005240368526309, 0.9999851527865703, -0.0014942369721608845], [0.7713056532372028, -0.0030909535675665567, 0.6364574104293043]], [[0.6368318339015696, -0.004514627638832611, -0.770989515795674], [0.0052832838483368675, 0.9999849309296992, -0.0014915848294586196], [0.7709846316505555, -0.0031234677536764867, 0.6368460894971797]], [[0.6372231366415922, -0.004541185346572934, -0.770665979373879], [0.005325730175579992, 0.9999847097843683, -0.0014888907181450659], [0.7706609570535858, -0.0031556034481114567, 0.63723757849026]], [[0.6384050966987083, -0.004618380065126017, -0.7696866915016061], [0.005449039246193572, 0.9999840577436595, -0.0014806180533310457], [0.7696812590159694, -0.0032488188777545094, 0.6384200848152356]], [[0.6415182934613742, -0.0047983425790551594, -0.7670927291161752], [0.005736221429167727, 0.9999824849484301, -0.0014579300666423829], [0.7670862890953815, -0.00346492494257654, 0.6415345815909069]], [[0.6454108362004013, -0.004970712786090443, -0.7638194449799629], [0.006011484878129868, 0.9999809112389018, -0.0014280081850631286], [0.7638119628315991, -0.0036700370862960204, 0.6454283974718852]], [[0.6480139804262631, -0.005050136030942269, -0.761611697191017], [0.006139148626882545, 0.9999801650473074, -0.001407254809178249], [0.761603697487249, -0.0037637266146583544, 0.6480321306352963]], [[0.6485442026913016, -0.005062577174190878, -0.7611601588810734], [0.00615931809973161, 0.9999800470365051, -0.0014029716377045572], [0.761152074132398, -0.0037783384212172083, 0.64856244433572]], [[0.6490768549778083, -0.0050737648183027395, -0.7607059177124149], [0.006177541938468636, 0.9999799406716233, -0.0013986529147466044], [0.7606977548985648, -0.0037914594744004847, 0.6490951783269828]], [[0.6495780150285242, -0.0050830752183503615, -0.7602779522897718], [0.006192800792836653, 0.9999798519847731, -0.001394576226763316], [0.7602697229338703, -0.0038023638485294837, 0.6495964057930278]], [[0.6508920683381263, -0.005101771219730664, -0.7591531382434897], [0.006223958203069369, 0.9999796734662573, -0.0013838347461629689], [0.7591447672998897, -0.003824210341988284, 0.6509105911693688]], [[0.6517782302371332, -0.005109594157339438, -0.7583923988520056], [0.006237581287106857, 0.9999795986274083, -0.0013765568113747004], [0.758383960252746, -0.003833324473024718, 0.6517968045755107]], [[0.6524117990829967, -0.005112764545818048, -0.7578474147583987], [0.006243591561254355, 0.9999795682853242, -0.001371341063933884], [0.7578389419802238, -0.0038370106328265126, 0.6524303912048388]], [[0.6528554928962754, -0.005113760898244189, -0.7574652169206443], [0.006245920301746308, 0.9999795587512317, -0.0013676839097770393], [0.7574567273942101, -0.0038381674231875705, 0.6528740878577471]], [[0.6533002995953976, -0.005113733874903732, -0.757081612690747], [0.006246681285187335, 0.9999795590092386, -0.0013640148865283136], [0.7570731124016268, -0.0038381362073332476, 0.6533188893557021]], [[0.653784604636288, -0.005112521905176066, -0.7566634343354671], [0.00624569848347173, 0.9999795705919677, -0.0013600180727509222], [0.7566549292716115, -0.0038367327863359107, 0.6538031794741436]], [[0.6552532302051857, -0.005101142996443542, -0.7553920721359219], [0.006230947001908692, 0.9999796790292447, -0.0013478976330118916], [0.7553835976542849, -0.003823593689123992, 0.6552716997751163]], [[0.6587221809590137, -0.005025858659959505, -0.7523694764258665], [0.006122541394554073, 0.9999803865903413, -0.0013194398449258348], [0.7523613512132807, -0.0037372689711226183, 0.6587400321987151]], [[0.6619646868338653, -0.004888798248253157, -0.7495190811691405], [0.0059206666051119065, 0.9999816362287991, -0.0012934110428088454], [0.7495116403978627, -0.0035814601578719146, 0.6619814756103398]], [[0.662624910792769, -0.004852360480486451, -0.7489356996395915], [0.005866787542732352, 0.9999819604848538, -0.0012882192350788656], [0.7489284401068, -0.0035402404772274768, 0.6626414251286732]], [[0.6629548184210664, -0.004833019155304451, -0.7486438076002081], [0.005838173191121026, 0.9999821312698736, -0.0012856417668696384], [0.7486366438173346, -0.0035183898031207472, 0.6629711882631937]], [[0.6632848237337094, -0.004812905723396079, -0.7483515741568543], [0.005808408267795897, 0.9999823078989111, -0.0012830754314707518], [0.7483445095662411, -0.003495687009150661, 0.6633010441529521]], [[0.6635907996352975, -0.004793570666846775, -0.7480803916155337], [0.00577978905964869, 0.9999824767604201, -0.0012807070401550658], [0.7480734219833062, -0.00347388145432216, 0.6636068772020284]], [[0.6651258542178528, -0.00468660869707921, -0.7467165685518797], [0.005621413145960057, 0.9999833945381941, -0.0012690004388104855], [0.7467101162869132, -0.0033535573338971127, 0.6651411548596232]], [[0.6657387277992401, -0.004639262275839638, -0.7461705056847175], [0.0055513027150788895, 0.9999837920139089, -0.0012644159322679164], [0.7461642777206746, -0.0033004476999622737, 0.6657536914644666]], [[0.6663109759425769, -0.0045926598428799315, -0.7456598358595025], [0.005482300924565546, 0.9999841780290587, -0.0012601857486505413], [0.745653825655729, -0.0032482560114917205, 0.6663256119329797]], [[0.668201436366326, -0.004422277094593326, -0.7439672599673183], [0.005230144461918173, 0.9999855456950258, -0.0012465913242408091], [0.7439620192099107, -0.0030580821311470443, 0.668214907127035]], [[0.6711459991750657, -0.00410644807094909, -0.7413138234752845], [0.0047634669156079714, 0.9999879021441355, -0.0012267633495026914], [0.741309892807487, -0.0027078865582540823, 0.6711574406770293]], [[0.673113088676914, -0.0038607257451682593, -0.739529488694364], [0.004401133621411035, 0.9999895773431026, -0.0012145896469206586], [0.7395264700297567, -0.002437211908003962, 0.6731230646200168]], [[0.6737647334921751, -0.003773064609067329, -0.7389362948764094], [0.004272034083812015, 0.9999901418324448, -0.0012107694720352336], [0.7389335786300458, -0.0023409872668315535, 0.6737742100671492]], [[0.6744146322008615, -0.003682496793188987, -0.7383436483716419], [0.00413874284865323, 0.9999907068494074, -0.00120707185212322], [0.7383412318711522, -0.0022417475753570212, 0.6744236056713898]], [[0.6764074847522532, -0.0033850559996737367, -0.7365198272735171], [0.003701617172436971, 0.9999924332082601, -0.0011964767164495045], [0.7365183043220583, -0.001917008634137761, 0.676414896699102]], [[0.6783795665250453, -0.0030609274228895556, -0.7347052432401755], [0.0032263294082691915, 0.9999940906739133, -0.0011871881920645926], [0.734704535524208, -0.001565036921558962, 0.6783854333191364]], [[0.6815257084342685, -0.002479999821270843, -0.7317899687369709], [0.002377075547131963, 0.9999964842770002, -0.0011751363680234913], [0.7317903103041286, -0.0009386343945970678, 0.6815292075255917]], [[0.6864495022025483, -0.0013990637481837232, -0.7271761296594549], [0.0008048063709706107, 0.9999989984220637, -0.0011642343301157016], [0.7271770301739324, 0.0002139520943872942, 0.6864499406452896]], [[0.6873037523289012, -0.0011879518812555078, -0.7263691491280051], [0.0004988245650756611, 0.9999991987583364, -0.0011634675496655165], [0.7263699492742433, 0.00043732483769994663, 0.6873037942120791]], [[0.688150357285528, -0.0009712573096575403, -0.7255674623541497], [0.00018509383158204395, 0.9999993065063866, -0.0011630679344746056], [0.7255680888159806, 0.0006660675529777311, 0.6881500598313863]], [[0.6888911608957908, -0.0007753760146410681, -0.7248643785093094], [-9.821345421581306e-05, 0.9999993188657016, -0.0011630228936478418], [0.7248647865593748, 0.0008723876258049213, 0.6888906155160358]], [[0.6895820267897279, -0.0005872963055044237, -0.7242073483551671], [-0.0003699850834197793, 0.9999992549852071, -0.0011632454898170596], [0.7242074919797571, 0.0010700990987165412, 0.6895812957500438]], [[0.6913707552289406, -7.540736981033176e-05, -0.7225001544137515], [-0.0011084515672890865, 0.9999987069807127, -0.0011650630998154992], [0.7224993080614598, 0.0016063469837354202, 0.6913697776878015]], [[0.6926812329974629, 0.00032326406394125797, -0.7212437902356328], [-0.0016824219626652447, 0.9999979030900215, -0.0011675923520397837], [0.7212419004116823, 0.0020222057031777565, 0.6926803243738336]], [[0.6929523384221445, 0.00040832081580750976, -0.7209832799374719], [-0.001804751969396314, 0.9999976890308802, -0.0011682479312799556], [0.7209811367474267, 0.0021107361302063203, 0.6929514739484847]], [[0.6932224309096127, 0.0004939591875894296, -0.7207235373484692], [-0.0019278743983646377, 0.9999974584280086, -0.00116894731628386], [0.7207211281654454, 0.002199804956152555, 0.6932216213261693]], [[0.6943821813042343, 0.0008721618304364923, -0.7196058821472465], [-0.002471099423778824, 0.9999962594634553, -0.0011724874142248819], [0.7196021678363762, 0.002592372048963224, 0.6943817391409051]], [[0.6956343264226863, 0.00130043829822147, -0.7183948724501658], [-0.0030852629386533283, 0.999994547515414, -0.001177324102663218], [0.7183894243758435, 0.0030354241344264774, 0.6956345456813288]], [[0.696823449393081, 0.0017275479433944882, -0.7172406123150259], [-0.0036967600964508884, 0.9999924672778935, -0.0011829422053962022], [0.7172331659514347, 0.0034757683431571045, 0.6968245867459806]], [[0.6982490021597223, 0.0022676751310624996, -0.7158513732839058], [-0.004468717446785513, 0.9999893059052585, -0.0011910665392880658], [0.7158410169495275, 0.004030598543662965, 0.6982516686181611]], [[0.7000334308312502, 0.002990909931383368, -0.7141038091036991], [-0.005500157141963744, 0.9999841497914705, -0.001203510383792605], [0.7140888908182527, 0.004770180668753153, 0.7000387856300136]], [[0.7019262177039943, 0.0038221150880921955, -0.7122394094235582], [-0.006682666735822174, 0.9999769268932458, -0.0012196911242694168], [0.7122183140477801, 0.005615791786922503, 0.7019355640067989]], [[0.7044843218317496, 0.005067817764319813, -0.7097014566114193], [-0.008449565066729076, 0.9999635243335655, -0.0012469372794357504], [0.7096692505269231, 0.0068751163992603545, 0.7045014461525634]], [[0.7054250949660191, 0.005566985665112603, -0.7087626147468485], [-0.009155950084263537, 0.9999572912682433, -0.0012586570354012976], [0.7087253374687817, 0.007377283380941941, 0.7054459381977328]], [[0.7061141086573577, 0.005948464005964083, -0.7080730762647294], [-0.009695203885630976, 0.99995219662824, -0.0012678643359264866], [0.7080316861388637, 0.007760169735773747, 0.7061380255934603]], [[0.706656672625779, 0.006259013724203679, -0.7075289193952888], [-0.010133833632886361, 0.99994783789598, -0.0012755011001546047], [0.707484029819306, 0.00807132172297358, 0.7066832397307017]], [[0.7071890127468835, 0.0065729520368430355, -0.7069939862202591], [-0.010576931856225272, 0.9999432391693288, -0.001283336300383779], [0.7069454213463711, 0.008385388546303477, 0.7072183937768659]], [[0.7081200912453455, 0.007145719330365445, -0.7060558583213778], [-0.011384555073859376, 0.9999343515404264, -0.0012978887463220023], [0.7060002324932019, 0.008957192901752706, 0.7081549550874204]], [[0.709985451172919, 0.00839698536735048, -0.7041662799080421], [-0.013145574967223376, 0.9999127079639544, -0.0013305303354672062], [0.7040936393559957, 0.010201327802447507, 0.7100338582979678]], [[0.7125337179822238, 0.010395469756722814, -0.7015608561963658], [-0.015949926699925975, 0.999871834445546, -0.0013836620856092449], [0.7014565564428827, 0.012175750122157198, 0.7126082026838212]], [[0.7151218506979898, 0.012953846651421233, -0.69887977257263], [-0.019527773958789466, 0.9998082633921821, -0.0014499989388434983], [0.6987269886718647, 0.01468449214783227, 0.7152376954494665]], [[0.715685145458946, 0.013621567695410449, -0.6982902157863038], [-0.020459728809872766, 0.9997896023465631, -0.001466470840714036], [0.698123321531653, 0.015336359842531785, 0.7158132605647555]], [[0.7162040872238703, 0.014288146834548982, -0.6977446196881864], [-0.021389444227460034, 0.9997701206426842, -0.0014824121396613502], [0.6975630416811198, 0.015986079261216084, 0.716345062208424]], [[0.7169450028450355, 0.015350953519014172, -0.6969606955356548], [-0.022870603216828423, 0.9997372983200989, -0.0015066041705634689], [0.6967544749795174, 0.017020063856681315, 0.7171077457553251]], [[0.71804262682023, 0.01730479151493171, -0.6957839680961638], [-0.02559033423649195, 0.9996713179561028, -0.001546237230252283], [0.6955285190865154, 0.018915608542483434, 0.7182494545008012]], [[0.7187613655964266, 0.01909461815717018, -0.6949946006145006], [-0.028079041061939005, 0.9996044641745969, -0.0015756443945386955], [0.6946896190234291, 0.020647294245205894, 0.7190132282937147]], [[0.7193195947802216, 0.021572519470042305, -0.6943442568127489], [-0.03152198898070929, 0.9995017741580834, -0.0016023936915716276], [0.6939637488917068, 0.023039745192982575, 0.7196412198905259]], [[0.7193787364741162, 0.022167587801724828, -0.6942642375636764], [-0.03234861628137546, 0.9994753563599501, -0.0016059432836659398], [0.6938643963581776, 0.02361376886909457, 0.7197184097869196]], [[0.7193955090698659, 0.022429073095433315, -0.6942384591839493], [-0.032711849054804225, 0.9994635321676147, -0.00160710872384387], [0.6938299766235515, 0.02386597048339835, 0.7197432729740245]], [[0.7194065924826071, 0.02268914419044048, -0.6942185228214424], [-0.03307311877256165, 0.9994516411944512, -0.0016080200164686961], [0.6938013573834618, 0.02411679186009031, 0.7197625003035075]], [[0.7194125998107639, 0.02312692843535306, -0.6941978510587451], [-0.03368126425124118, 0.9994313301214889, -0.0016089779454348384], [0.6937658709333212, 0.024538980270929732, 0.7197824357229807]], [[0.71939163957888, 0.02378366526286944, -0.6941973827166094], [-0.034593618627179135, 0.9994001664404869, -0.0016089962720945263], [0.6937427120007836, 0.025172297975955653, 0.7197828873766875]], [[0.7192312615502521, 0.02514461636521014, -0.6943155915551628], [-0.03648466880253991, 0.9993329269809053, -0.0016031201280326856], [0.6938121225166913, 0.026484888514444353, 0.7196688747814339]], [[0.7188278557170656, 0.026751786218837056, -0.6946732007060765], [-0.03871900808479853, 0.9992488820266873, -0.0015843551825104976], [0.6941090348483088, 0.028035935912983288, 0.7193237338218085]], [[0.7186079493528826, 0.02736524523464281, -0.6948767937411714], [-0.0395723425289852, 0.9992154695320269, -0.0015732624253541182], [0.6942885890129042, 0.02862846138265994, 0.7191270863799025]], [[0.71852585676021, 0.027570033746720853, -0.6949535857926978], [-0.03985728083701807, 0.9992041509855392, -0.001569018019763695], [0.6943572497865931, 0.02882634025456886, 0.7190528852429717]], [[0.7184426005738006, 0.02776712605685765, -0.6950318096254406], [-0.04013154829493824, 0.9991931798503283, -0.0015646635548815803], [0.6944275977466056, 0.029016823587907532, 0.7189772843676374]], [[0.7182801238768658, 0.028125714917195902, -0.6951853046517515], [-0.040630649256705086, 0.9991730226032751, -0.0015560343225971918], [0.6945666375405091, 0.029363498807726453, 0.7188288885077975]], [[0.7178952199192823, 0.02886960556421606, -0.6955522978838684], [-0.0416664853807509, 0.9991303957853351, -0.0015349963696140172], [0.694903127934374, 0.03008318620767901, 0.718473830208542]], [[0.7174592965438962, 0.029584188041145976, -0.6959719345064485], [-0.042662168999742046, 0.999088413618463, -0.0015103342666978902], [0.6952928139560682, 0.03077527564955536, 0.7180673960497798]], [[0.7170328597265752, 0.03019208899542803, -0.6963851777819414], [-0.04350978749023557, 0.9990518963836701, -0.0014855048851260917], [0.6956800819808318, 0.0313647269125946, 0.717666689655307]], [[0.7160963361702969, 0.03131585117336816, -0.697298612352505], [-0.04507833119948846, 0.998982433280706, -0.0014290041447343465], [0.6965443140100415, 0.03245636242501911, 0.7167793266817772]], [[0.7135314244203153, 0.03352658240602505, -0.6998206017522608], [-0.04817204451221753, 0.9988382532773767, -0.0012640875775890435], [0.6989652069254118, 0.034613755388043, 0.7143175256464473]], [[0.7132387915682443, 0.03372247198939837, -0.7001094350779763], [-0.048446822701897534, 0.9988249879337865, -0.0012445277232775184], [0.6992448294928009, 0.034805723122609086, 0.7140344740035358]], [[0.7129467322881778, 0.03390843651975352, -0.7003978689662064], [-0.04870779949276164, 0.9988123196782891, -0.0012248785816381849], [0.6995244864822365, 0.03498811214902935, 0.7137515848108641]], [[0.71268336967605, 0.03406830088546398, -0.7006580945525258], [-0.048932247375903896, 0.998801370735671, -0.001207055665507212], [0.6997771429205076, 0.03514502370769101, 0.7134961650594958]], [[0.7122125530710266, 0.034336463236979226, -0.7011235886350092], [-0.04930896493656572, 0.9987828820350438, -0.0011749598920400542], [0.7002298945524885, 0.035408499632705794, 0.7130388018395504]], [[0.7113591993969509, 0.03476834046300619, -0.7019681274351317], [-0.049916318768839105, 0.9987527799589215, -0.0011160846676755143], [0.7010538143066845, 0.03583360191031103, 0.7122074855126085]], [[0.7095074394920264, 0.03548280463514806, -0.7038040663996639], [-0.050923338659007215, 0.9987020786917628, -0.0009856960317377464], [0.7028556088453354, 0.036539411490488026, 0.7103934575448979]], [[0.709287178141259, 0.035547856150753024, -0.7040227615975959], [-0.05101522041401773, 0.9986974048325974, -0.0009699829065375584], [0.7030712241377667, 0.03660387279804593, 0.7101767458074221]], [[0.7090847175946654, 0.035603791378060856, -0.7042238517071195], [-0.05109426282075149, 0.998693378026931, -0.0009555061780098423], [0.703269677705897, 0.03665933339219539, 0.7099773613959087]], [[0.7090031861245623, 0.03562525347563777, -0.7043048511688854], [-0.051124601125220756, 0.9986918309926353, -0.0009496675520933712], [0.7033496692435883, 0.036680621906796385, 0.7098970170042121]], [[0.7089244494021246, 0.03564538854377478, -0.7043830856256187], [-0.051153069128147634, 0.998690378614357, -0.0009440243523757388], [0.7034269603581627, 0.036700598615971206, 0.7098193978065959]], [[0.7086617862001376, 0.03570819397481085, -0.7046441638605244], [-0.051241905811741095, 0.998685842072964, -0.0009251658718166107], [0.7036851141444374, 0.03676293957462284, 0.7095602486085139]], [[0.7084111265236432, 0.03576148801592771, -0.7048934613063162], [-0.05131734596137123, 0.9986819849839877, -0.0009071229342308294], [0.7039319610736838, 0.036815877599534384, 0.7093126146739158]], [[0.7081764936198359, 0.0358049879128646, -0.7051269791497726], [-0.051378975993716165, 0.9986788314474052, -0.0008901936739478756], [0.7041635141855975, 0.03685911636895253, 0.709080496721143]], [[0.7079537069755276, 0.03584003374413125, -0.7053488787549308], [-0.051428681966570106, 0.9986762872164018, -0.0008740840573207651], [0.7043838722251162, 0.03689397420958839, 0.7088597853004405]], [[0.707543966245489, 0.03588631191920271, -0.7057575422526136], [-0.05149447756298786, 0.998672922344316, -0.0008443677359981776], [0.7047906459440108, 0.03694004322137031, 0.7084529473413465]], [[0.7068455012086148, 0.03589373190621735, -0.7064567059848722], [-0.051505752903316285, 0.9986723826516037, -0.000793439932344767], [0.7054903222859001, 0.03694742398204056, 0.707755814544848]], [[0.7065737507717416, 0.035861022644842706, -0.7067301619254892], [-0.05145983238613432, 0.9986747655373137, -0.0007735178584560528], [0.705765839617647, 0.03691476308948527, 0.7074827771012225]], [[0.706334470175022, 0.03580585317254141, -0.7069721049102055], [-0.0513821029168036, 0.9986787812433403, -0.000755906249687981], [0.706010974236574, 0.036859636094216594, 0.7072410278572213]], [[0.7062941567400963, 0.03579327672093885, -0.707013016497139], [-0.051364364380666064, 0.9986796959823622, -0.0007529305690305859], [0.7060525945187262, 0.03684706466260601, 0.7072001326351249]], [[0.7062778343086107, 0.035787857847018274, -0.7070295962652975], [-0.05135671981823907, 0.9986800900384861, -0.0007517249012659832], [0.7060694782341946, 0.03684164751389736, 0.7071835581477889]], [[0.7062617145178764, 0.03578231050747608, -0.7070459793118304], [-0.05134889318673864, 0.9986804933850318, -0.0007505336910120384], [0.7060861716354632, 0.03683610168124959, 0.7071671795538288]], [[0.7062452742230141, 0.03577644329965076, -0.7070626978864716], [-0.05134061438878617, 0.9986809199321081, -0.0007493182470879963], [0.7061032176331586, 0.036830235791814915, 0.7071504647383277]], [[0.7062306578867762, 0.03577104210408793, -0.7070775702902816], [-0.05133299240235369, 0.9986813125478325, -0.0007482371639211168], [0.7061183907475356, 0.03682483556815287, 0.7071355950123728]], [[0.7062169830491207, 0.0357658252979622, -0.7070914923782938], [-0.05132562997997846, 0.9986816917124414, -0.0007472252871939716], [0.7061326026747486, 0.036819619487814995, 0.7071216748626586]], [[0.7062075874059967, 0.03576214637053378, -0.7071010623504842], [-0.05132043758878696, 0.9986819590735807, -0.0007465298021348594], [0.7061423767031372, 0.036815940949851106, 0.7071121059040323]], [[0.7061982667635109, 0.03575841851953483, -0.7071105596193596], [-0.051315175855549996, 0.998682229966173, -0.0007458396618411922], [0.7061520804665135, 0.03681221339269533, 0.7071026093842102]], [[0.7061092286112233, 0.03571845574401761, -0.7072014912239192], [-0.05125875366857582, 0.9986851324134185, -0.0007392353022875659], [0.706245210562497, 0.0367722479017926, 0.7070116719982754]], [[0.706033913298286, 0.035677273076310766, -0.7072787607857002], [-0.051200584289826004, 0.9986881204646422, -0.0007336288407883343], [0.7063247223771422, 0.03673105264941798, 0.7069343790834708]], [[0.7059861503801055, 0.035646663438929, -0.7073279796934092], [-0.051157336296813405, 0.998690339371608, -0.0007300609100625065], [0.7063755958514932, 0.03670042822079514, 0.7068851364641018]], [[0.7059433887196249, 0.03561553343394879, -0.7073722257067186], [-0.05111334393341495, 0.9986925942212634, -0.0007268559984495911], [0.706421515806997, 0.036669279048185205, 0.7068408632634681]], [[0.7058869284824836, 0.0355675223217875, -0.7074309828905314], [-0.051045480392806486, 0.9986960682683175, -0.0007226042948485268], [0.7064828399395777, 0.03662123129263709, 0.7067820613806874]], [[0.7057657755194027, 0.035419388729473596, -0.7075592816206537], [-0.050836009171839586, 0.9987067594210342, -0.0007133430538875318], [0.7066189710707144, 0.03647294324376185, 0.7066536309495027]], [[0.7057033633255726, 0.035283282385044974, -0.707628329686652], [-0.0506434686332311