{"b2imat": [[[0.6127962870647643, -0.002024802205570437, -0.7902383252764116], [0.0012407938171348338, 0.9999979500859133, -0.0016000795839716457], [0.7902399452004072, 3.2526065174565133e-19, 0.6127975432470807]], [[0.6127962870647643, -0.002024802205570437, -0.7902383252764116], [0.0012407938171348338, 0.9999979500859133, -0.0016000795839716457], [0.7902399452004072, 3.2526065174565133e-19, 0.6127975432470807]], [[0.6127962870647643, -0.002024802205570437, -0.7902383252764116], [0.0012407938171348338, 0.9999979500859133, -0.0016000795839716457], [0.7902399452004072, 3.2526065174565133e-19, 0.6127975432470807]], [[0.6127962870647643, -0.002024802205570437, -0.7902383252764116], [0.0012407938171348338, 0.9999979500859133, -0.0016000795839716457], [0.7902399452004072, 3.2526065174565133e-19, 0.6127975432470807]], [[0.6127962870647643, -0.002024802205570437, -0.7902383252764116], [0.0012407938171348338, 0.9999979500859133, -0.0016000795839716457], [0.7902399452004072, 3.2526065174565133e-19, 0.6127975432470807]], [[0.6127962870647643, -0.002024802205570437, -0.7902383252764116], [0.0012407938171348338, 0.9999979500859133, -0.0016000795839716457], [0.7902399452004072, 3.2526065174565133e-19, 0.6127975432470807]], [[0.6127962870647643, -0.002024802205570437, -0.7902383252764116], [0.0012407938171348338, 0.9999979500859133, -0.0016000795839716457], [0.7902399452004072, 3.2526065174565133e-19, 0.6127975432470807]], [[0.6127962870647643, -0.002024802205570437, -0.7902383252764116], [0.0012407938171348338, 0.9999979500859133, -0.0016000795839716457], [0.7902399452004072, 3.2526065174565133e-19, 0.6127975432470807]], [[0.6127962870647643, -0.002024802205570437, -0.7902383252764116], [0.0012407938171348338, 0.9999979500859133, -0.0016000795839716457], [0.7902399452004072, 3.2526065174565133e-19, 0.6127975432470807]], [[0.6127962870647643, -0.002024802205570437, -0.7902383252764116], [0.0012407938171348338, 0.9999979500859133, -0.0016000795839716457], [0.7902399452004072, 3.2526065174565133e-19, 0.6127975432470807]], [[0.6127962870647643, -0.002024802205570437, -0.7902383252764116], [0.0012407938171348338, 0.9999979500859133, -0.0016000795839716457], [0.7902399452004072, 3.2526065174565133e-19, 0.6127975432470807]], [[0.6127962870647643, -0.002024802205570437, -0.7902383252764116], [0.0012407938171348338, 0.9999979500859133, -0.0016000795839716457], [0.7902399452004072, 3.2526065174565133e-19, 0.6127975432470807]], [[0.6127962870647643, -0.002024802205570437, -0.7902383252764116], [0.0012407938171348338, 0.9999979500859133, -0.0016000795839716457], [0.7902399452004072, 3.2526065174565133e-19, 0.6127975432470807]], [[0.6127962870647643, -0.002024802205570437, -0.7902383252764116], [0.0012407938171348338, 0.9999979500859133, -0.0016000795839716457], [0.7902399452004072, 3.2526065174565133e-19, 0.6127975432470807]], [[0.6127962870647643, -0.002024802205570437, -0.7902383252764116], [0.0012407938171348338, 0.9999979500859133, -0.0016000795839716457], [0.7902399452004072, 3.2526065174565133e-19, 0.6127975432470807]], [[0.6127962870647643, -0.002024802205570437, -0.7902383252764116], [0.0012407938171348338, 0.9999979500859133, -0.0016000795839716457], [0.7902399452004072, 3.2526065174565133e-19, 0.6127975432470807]], [[0.6127962870647643, -0.002024802205570437, -0.7902383252764116], [0.0012407938171348338, 0.9999979500859133, -0.0016000795839716457], [0.7902399452004072, 3.2526065174565133e-19, 0.6127975432470807]], [[0.6127962870647643, -0.002024802205570437, -0.7902383252764116], [0.0012407938171348338, 0.9999979500859133, -0.0016000795839716457], [0.7902399452004072, 3.2526065174565133e-19, 0.6127975432470807]], [[0.6127962870647643, -0.002024802205570437, -0.7902383252764116], [0.0012407938171348338, 0.9999979500859133, -0.0016000795839716457], [0.7902399452004072, 3.2526065174565133e-19, 0.6127975432470807]], [[0.6127962870647643, -0.002024802205570437, -0.7902383252764116], [0.0012407938171348338, 0.9999979500859133, -0.0016000795839716457], [0.7902399452004072, 3.2526065174565133e-19, 0.6127975432470807]], [[0.6127962870647643, -0.002024802205570437, -0.7902383252764116], [0.0012407938171348338, 0.9999979500859133, -0.0016000795839716457], [0.7902399452004072, 3.2526065174565133e-19, 0.6127975432470807]], [[0.6127962870647643, -0.002024802205570437, -0.7902383252764116], [0.0012407938171348338, 0.9999979500859133, -0.0016000795839716457], [0.7902399452004072, 3.2526065174565133e-19, 0.6127975432470807]], [[0.6127962870647643, -0.002024802205570437, -0.7902383252764116], [0.0012407938171348338, 0.9999979500859133, -0.0016000795839716457], [0.7902399452004072, 3.2526065174565133e-19, 0.6127975432470807]], [[0.6127962870647643, -0.002024802205570437, -0.7902383252764116], [0.0012407938171348338, 0.9999979500859133, -0.0016000795839716457], [0.7902399452004072, 3.2526065174565133e-19, 0.6127975432470807]], [[0.6127962870647643, -0.002024802205570437, -0.7902383252764116], [0.0012407938171348338, 0.9999979500859133, -0.0016000795839716457], [0.7902399452004072, 3.2526065174565133e-19, 0.6127975432470807]], [[0.6127962870647643, -0.002024802205570437, -0.7902383252764116], [0.0012407938171348338, 0.9999979500859133, -0.0016000795839716457], [0.7902399452004072, 3.2526065174565133e-19, 0.6127975432470807]], [[0.6127962870647643, -0.002024802205570437, -0.7902383252764116], [0.0012407938171348338, 0.9999979500859133, -0.0016000795839716457], [0.7902399452004072, 3.2526065174565133e-19, 0.6127975432470807]], [[0.6127962870647643, -0.002024802205570437, -0.7902383252764116], [0.0012407938171348338, 0.9999979500859133, -0.0016000795839716457], [0.7902399452004072, 3.2526065174565133e-19, 0.6127975432470807]], [[0.6127962870647643, -0.002024802205570437, -0.7902383252764116], [0.0012407938171348338, 0.9999979500859133, -0.0016000795839716457], [0.7902399452004072, 3.2526065174565133e-19, 0.6127975432470807]], [[0.6127962870647643, -0.002024802205570437, -0.7902383252764116], [0.0012407938171348338, 0.9999979500859133, -0.0016000795839716457], [0.7902399452004072, 3.2526065174565133e-19, 0.6127975432470807]], [[0.6127962870647643, -0.002024802205570437, -0.7902383252764116], [0.0012407938171348338, 0.9999979500859133, -0.0016000795839716457], [0.7902399452004072, 3.2526065174565133e-19, 0.6127975432470807]], [[0.6127962870647643, -0.002024802205570437, -0.7902383252764116], [0.0012407938171348338, 0.9999979500859133, -0.0016000795839716457], [0.7902399452004072, 3.2526065174565133e-19, 0.6127975432470807]], [[0.6127962870647643, -0.002024802205570437, -0.7902383252764116], [0.0012407938171348338, 0.9999979500859133, -0.0016000795839716457], [0.7902399452004072, 3.2526065174565133e-19, 0.6127975432470807]], [[0.6127962870647643, -0.002024802205570437, -0.7902383252764116], [0.0012407938171348338, 0.9999979500859133, -0.0016000795839716457], [0.7902399452004072, 3.2526065174565133e-19, 0.6127975432470807]], [[0.6127962870647643, -0.002024802205570437, -0.7902383252764116], [0.0012407938171348338, 0.9999979500859133, -0.0016000795839716457], [0.7902399452004072, 3.2526065174565133e-19, 0.6127975432470807]], [[0.6127962870647643, -0.002024802205570437, -0.7902383252764116], [0.0012407938171348338, 0.9999979500859133, -0.0016000795839716457], [0.7902399452004072, 3.2445810146396513e-19, 0.6127975432470807]], [[0.6127962870647643, -0.002024802205570437, -0.7902383252764116], [0.0012407938171348338, 0.9999979500859133, -0.0016000795839716457], [0.7902399452004072, 3.221577512354577e-19, 0.6127975432470807]], [[0.6127962870647643, -0.002024802205570437, -0.7902383252764116], [0.001240793817134834, 0.9999979500859133, -0.0016000795839716457], [0.7902399452004072, 2.1686346415494315e-19, 0.6127975432470807]], [[0.6127962870647643, -0.0020248022055704444, -0.7902383252764116], [0.001240793817134846, 0.9999979500859133, -0.0016000795839716457], [0.7902399452004072, -9.065157883228033e-18, 0.6127975432470807]], [[0.6127962870647667, -0.0020248022055708247, -0.7902383252764097], [0.0012407938171354713, 0.9999979500859133, -0.001600079583971642], [0.7902399452004053, -4.994576099140549e-16, 0.6127975432470831]], [[0.6127962870648411, -0.0020248022055826148, -0.790238325276352], [0.0012407938171548618, 0.9999979500859133, -0.0016000795839715251], [0.7902399452003476, -1.5703583345802536e-14, 0.6127975432471575]], [[0.6127962870670716, -0.002024802205936255, -0.7902383252746215], [0.001240793817736472, 0.9999979500859126, -0.0016000795839680212], [0.7902399451986171, -4.717454921022859e-13, 0.6127975432493891]], [[0.6127962871047651, -0.002024802211912671, -0.7902383252453764], [0.0012407938275655103, 0.9999979500859005, -0.0016000795839088055], [0.790239945169372, -8.178715601181782e-12, 0.6127975432871025]], [[0.612796287619659, -0.002024802293548836, -0.7902383248458889], [0.0012407939618274356, 0.9999979500857352, -0.0016000795830999205], [0.7902399447698836, -1.1345376328746806e-10, 0.6127975438022673]], [[0.6127962947772165, -0.0020248034282858364, -0.7902383192925991], [0.0012407958280599772, 0.9999979500834376, -0.0016000795718555745], [0.7902399392165824, -1.5767695738249006e-09, 0.6127975509635889]], [[0.6127964550347478, -0.0020248288251102217, -0.7902381949545818], [0.0012408375967845934, 0.999997950032013, -0.0016000793200905568], [0.7902398148783094, -3.432758893512482e-08, 0.6127977113053656]], [[0.6127976991479964, -0.002025025782880408, -0.7902372296908698], [0.0012411615243479181, 0.999997949633146, -0.0016000773652968387], [0.7902388496125663, -2.8831668690465927e-07, 0.6127989560719934]], [[0.6128031064029923, -0.0020258800546366458, -0.7902330343593891], [0.0012425665215358365, 0.9999979479019309, -0.0016000688632911901], [0.7902346542713009, -1.3899428231087874e-06, 0.6128043661616535]], [[0.6128214772564161, -0.0020287715893316446, -0.7902187805279639], [0.0012473221958765714, 0.9999979420277018, -0.0016000399062135085], [0.7902204003951072, -5.118605556066447e-06, 0.6128227466186259]], [[0.6128832038838693, -0.0020384187341537068, -0.7901708823071804], [0.0012631885990663841, 0.9999979222682429, -0.0015999417992594617], [0.7901725018953815, -1.75573938867949e-05, 0.6128845053842783]], [[0.6131059449024165, -0.0020727109529778973, -0.789997977335778], [0.0013195818780474308, 0.9999978500254073, -0.0015995775163213267], [0.7899995943220364, -6.175652999757092e-05, 0.6131073618520244]], [[0.6139128886413692, -0.002192727103939141, -0.7893707348944844], [0.001516839469007353, 0.9999975725915241, -0.0015981267426134922], [0.7893723230250955, -0.00021623808139450165, 0.6139147244390358]], [[0.6139709752496635, -0.002201163917334962, -0.7893255326089401], [0.0015306991339564466, 0.9999975516518282, -0.0015980145528312409], [0.7893271175571881, -0.00022708535570934262, 0.6139728413546507]], [[0.6139941171356135, -0.0022045184551649725, -0.7893075219591159], [0.0015362095682707143, 0.9999975432736901, -0.001597969570251045], [0.789309105599968, -0.00023139785204585376, 0.613995995322456]], [[0.6140175107789622, -0.002207905639248438, -0.7892893142628349], [0.0015417734743642369, 0.9999975347837906, -0.0015979239330606455], [0.789290896559286, -0.0002357520525376296, 0.6140194011833902]], [[0.6140398500165053, -0.0022111365693482355, -0.7892719261869006], [0.0015470805661652774, 0.9999975266572391, -0.0015978801979325548], [0.7892735071782342, -0.00023990514134081836, 0.6140417520919028]], [[0.6140611884369752, -0.0022142195013467795, -0.7892553161603476], [0.001552144424525637, 0.9999975188771789, -0.0015978382810032275], [0.7892568958856525, -0.00024386776474264596, 0.6140631016642006]], [[0.6140866551457734, -0.0022178947517793404, -0.7892354914185922], [0.0015581810227512157, 0.9999975095694844, -0.001597788074161678], [0.7892370696082243, -0.0002485914311165076, 0.6140885816871409]], [[0.6141256882219814, -0.002223519195475279, -0.7892051032705413], [0.0015674188103094934, 0.9999974952561937, -0.0015977107412137503], [0.7892066790544486, -0.0002558197155310254, 0.6141276351802796]], [[0.6141970900557879, -0.0022337810415879113, -0.7891495072476833], [0.0015842721052355734, 0.9999974689258447, -0.001597568089761999], [0.7891510784690722, -0.0002690058792951782, 0.6141990743944004]], [[0.6144196447976099, -0.0022655509240431387, -0.788976151328917], [0.0016364392596867315, 0.9999973856438691, -0.0015971136393594099], [0.7889777070065599, -0.0003098135539946322, 0.6144217459223215]], [[0.6151872512375677, -0.002372814010363678, -0.7883774576105272], [0.0018124611241049544, 0.9999970847834347, -0.0015954338927906958], [0.7883789449873965, -0.0004474129020027042, 0.6151897584666507]], [[0.616784670431415, -0.0025861495325863845, -0.7871276784305115], [0.0021620293143687582, 0.9999963965338025, -0.0015913983330579583], [0.7871289576365842, -0.0007202430185376333, 0.6167880391998048]], [[0.6185973395930118, -0.002814842394937262, -0.7857031297575062], [0.0025359355544796445, 0.9999955268444629, -0.0015859766483477182], [0.7857040794595079, -0.0010114115666935632, 0.6186017107698066]], [[0.6208729975897209, -0.0030854502552003183, -0.7839050968457075], [0.002977182986496555, 0.9999943231769622, -0.0015779718991795393], [0.7839055155089932, -0.0013541087742011428, 0.6208786589535903]], [[0.6217110247238371, -0.003181104289321369, -0.78324024559029], [0.003132829197073377, 0.999993852827914, -0.001574702386748845], [0.7832404401702324, -0.0014747480752075996, 0.621717168815577]], [[0.6219052178667291, -0.0032029884600685565, -0.7830859728376328], [0.0031684139869965267, 0.9999937419436328, -0.0015739207027870789], [0.7830861134913224, -0.0015023110517878976, 0.6219114743422579]], [[0.6221022510743848, -0.003225087470745232, -0.7829293633649144], [0.0032043386946067997, 0.9999936287356778, -0.0015731184259683208], [0.7829294485595203, -0.0015301303401726895, 0.6221086217690839]], [[0.6222908867333851, -0.0032461453926907477, -0.7827793525819826], [0.00323856214887906, 0.9999935197073413, -0.0015723417349880905], [0.7827793839925693, -0.0015566256496825294, 0.6222973669499189]], [[0.6230200934795301, -0.0033266312789046086, -0.7821987577624326], [0.0033692885385713956, 0.9999930926338031, -0.0015692607897964132], [0.782198575181202, -0.0016577723054611378, 0.6230269984322366]], [[0.6252230851072913, -0.0035608718318403372, -0.780437962967409], [0.003749018116822105, 0.9999917568234405, -0.0015592140100358352], [0.7804370818407346, -0.0019510194685235444, 0.6252312810560211]], [[0.6279870631751469, -0.003835816103330925, -0.7782143245915463], [0.004193319783504704, 0.9999900143013125, -0.0015451106285674955], [0.7782124803380169, -0.0022929920372017822, 0.6279968770891065]], [[0.6296286704629721, -0.003989202650411824, -0.7768859785021512], [0.004440506675159899, 0.9999889612582361, -0.0015359889785523737], [0.7768835300297587, -0.002482664674965329, 0.6296394342356695]], [[0.6299084970259604, -0.004014616543689526, -0.7766589780775753], [0.0044814139343319105, 0.9999887812390995, -0.0015343810119726883], [0.776656424877594, -0.002514010729464046, 0.629919421391663]], [[0.6301907786250395, -0.00404003793963595, -0.7764298169373802], [0.004522319521071514, 0.999988599596641, -0.0015327435853673527], [0.7764271576665237, -0.0025453428443828166, 0.6302018645384103]], [[0.6305095147622967, -0.0040684824698840145, -0.7761708569925867], [0.004568073287040226, 0.9999883944947323, -0.0015308763151492862], [0.7761680774810689, -0.002580373275381192, 0.6305207825068913]], [[0.6306970866090607, -0.004085092988974103, -0.7760183612248589], [0.004594783733284669, 0.9999882738167812, -0.0015297684069875523], [0.776015510737568, -0.002600816065412681, 0.6307084610582822]], [[0.6308462705257551, -0.004098236017733443, -0.7758970211473233], [0.004615914110919077, 0.9999881778577524, -0.0015288824850877587], [0.775894114103637, -0.0026169841947443527, 0.6308577296768727]], [[0.630996099452626, -0.0041113752410213466, -0.775775108565105], [0.004637034663631256, 0.9999880815092926, -0.0015279885120939771], [0.7757721446308196, -0.002633141278459078, 0.631007643520986]], [[0.6311445773714502, -0.004124336076336386, -0.7756542479136849], [0.0046578648319842465, 0.9999879860606058, -0.0015270984451678472], [0.7756512275177688, -0.0026490727403563896, 0.6311562054387139]], [[0.6312891827925664, -0.004136901577240162, -0.7755364941345024], [0.004678056181858376, 0.999987893136497, -0.0015262276336272724], [0.7755334186735309, -0.002664512295054795, 0.6313008925185966]], [[0.6314440244600487, -0.004150293901264901, -0.775410355253418], [0.0046995723978611025, 0.9999877936790268, -0.0015252908673269348], [0.7754072207511198, -0.002680961298827663, 0.6314558214582708]], [[0.6315954759793642, -0.004163330354566284, -0.7752869284353764], [0.004720513152075486, 0.9999876964496728, -0.0015243703154585338], [0.77528373611084, -0.0026969667473506595, 0.6316073581683342]], [[0.6317284664624738, -0.00417472667273322, -0.7751785060991954], [0.004738816312121352, 0.9999876111180085, -0.0015235584856146123], [0.7751752629444081, -0.0027109532838256256, 0.6317404233159076]], [[0.6318619359813406, -0.0041861160484734285, -0.775069655121617], [0.004757105516210444, 0.9999875255264846, -0.001522740465893163], [0.7750663609040332, -0.002724926393050094, 0.6318739676321005]], [[0.6320097712906493, -0.004198675206727415, -0.7749490435632854], [0.004777269916429228, 0.9999874307828979, -0.0015218305967170285], [0.7749456927329088, -0.0027403289452063513, 0.6320218856273773]], [[0.6321732419864985, -0.00421249403537342, -0.7748156212998568], [0.00479945283523256, 0.9999873260993978, -0.001520819864286888], [0.7748122078082943, -0.0027572694063464722, 0.6321854475521077]], [[0.63240633871274, -0.00423207406052607, -0.7746252721833278], [0.0048308769218812515, 0.9999871769888661, -0.0015193702657509945], [0.7746217692423276, -0.002781259963583937, 0.6324186739881282]], [[0.6327671381105792, -0.004262092500392615, -0.7743304097701875], [0.004879037496858744, 0.9999869466041658, -0.001517107241519035], [0.7743267681802383, -0.0028180114968040116, 0.632779673259779]], [[0.6340044116171603, -0.00436237491034893, -0.7733171249462417], [0.0050397847542729855, 0.9999861613885676, -0.0015091722860901525], [0.7733130068863513, -0.0029405299692508795, 0.634017623307027]], [[0.6350175717787798, -0.0044414330023297725, -0.7724849236102083], [0.005166355480793447, 0.9999855255595321, -0.0015024787762699893], [0.7724804154819909, -0.00303683129476789, 0.6350313262764753]], [[0.6352078430373289, -0.0044559732507003045, -0.772328388994121], [0.005189619272460477, 0.999985407014852, -0.0015012025674913103], [0.7723238077358952, -0.0030545146473340916, 0.635221698263369]], [[0.6353847999772112, -0.004469408189236215, -0.7721827376653524], [0.005211110517925833, 0.9999852970400437, -0.001500010302117431], [0.7721780884518092, -0.003070845840234146, 0.6353987485199643]], [[0.63615896626202, -0.004527159026882157, -0.7715447326471645], [0.005303447865912065, 0.9999848194898016, -0.0014947343186941012], [0.7715397871044452, -0.0031409586267966, 0.6361733185962247]], [[0.6385983538142846, -0.004697348349155951, -0.7695258783329989], [0.005575175123251287, 0.9999833670734124, -0.0014774975014930063], [0.7695200191860064, -0.0033467140613621838, 0.6386139205944084]], [[0.6429985333783895, -0.004952812839163657, -0.7658513927115504], [0.005982276883946298, 0.9999810629923821, -0.0014443060306413718], [0.7658440431553444, -0.0036528484237045014, 0.643015986008023]], [[0.6466462561928091, -0.005107351970704184, -0.7627729244720688], [0.006228800837510602, 0.9999795995262991, -0.0014151223798418867], [0.7627645910711585, -0.0038360770418027026, 0.6466648769810985]], [[0.6495056495417628, -0.005188251899798542, -0.7603390646649415], [0.006358920553634895, 0.9999788137492599, -0.0013914675764898634], [0.7603301752151669, -0.003931169653945157, 0.6495248806338576]], [[0.6498652752658142, -0.005195778009624912, -0.7600316624289828], [0.0063711622554922815, 0.9999787400148916, -0.0013884558850623605], [0.7600227182757123, -0.003939975774706178, 0.6498845622844825]], [[0.6502231015519404, -0.005202662001856741, -0.75972550998125], [0.006382405326813958, 0.9999786724842887, -0.0013854525630772122], [0.7597165149649047, -0.003948022879203711, 0.6502424394062007]], [[0.6516667793958727, -0.005224189826148084, -0.7584873871545079], [0.006418102768985931, 0.9999784608022179, -0.0013732765470248975], [0.7584782242020259, -0.003973131295117732, 0.6516862724034124]], [[0.652767888452786, -0.005233700060072692, -0.7575398947834849], [0.0064346733722527305, 0.9999783670896372, -0.0013639396379448285], [0.7575306454418095, -0.003984185791944203, 0.6527874443339825]], [[0.6533607094267211, -0.005236273222247113, -0.7570286420077874], [0.006439679423014222, 0.9999783417251835, -0.0013589000999660256], [0.7570193616456197, -0.003987169835216184, 0.6533802786818448]], [[0.6539480949342901, -0.005237027984081202, -0.7565212902950634], [0.006441887091930037, 0.9999783342870504, -0.0013539007318450593], [0.7565119901379677, -0.00398804393040189, 0.6539676630255522]], [[0.6545215412122317, -0.005236013778051235, -0.7560252219660941], [0.006441361835496297, 0.9999783442719414, -0.0013490162532327611], [0.7560159131571702, -0.00398687181425884, 0.654541094131047]], [[0.6564111627609408, -0.00522008052028498, -0.7543852703772738], [0.006420416284867475, 0.9999785005581097, -0.0013329202093318483], [0.7543760094658097, -0.0039685237705194085, 0.6564305653772717]], [[0.6636674394046791, -0.004961233409240259, -0.748011307425962], [0.006041287707031816, 0.9999809418013161, -0.0012723509716859487], [0.748003364107996, -0.0036745336048706004, 0.6636847633371654]], [[0.6639197729866889, -0.004946007536178998, -0.747787451116129], [0.006018779244214355, 0.9999810801160792, -0.0012703173975398452], [0.7477795860637776, -0.0036573787516662264, 0.6639369806291513]], [[0.6641721501303085, -0.0049303234196187455, -0.7475634066099427], [0.005995588942457793, 0.9999812219997922, -0.0012682905963715809], [0.7475556219469678, -0.0036397196020746952, 0.6641892384981123]], [[0.6644134079124503, -0.004914904005214726, -0.7473490931986103], [0.005972786483504105, 0.99998136090332, -0.0012663599678095112], [0.7473413873242858, -0.0036223700204596992, 0.6644303795189143]], [[0.6655713293000698, -0.004835116834080298, -0.7463185829516377], [0.005854763944261559, 0.9999820704406753, -0.0012571938350176878], [0.7463112804674044, -0.003532766958437261, 0.6655877043671423]], [[0.6680897525425984, -0.004628698096034365, -0.7440662992647274], [0.005549451505004857, 0.9999838354453138, -0.0012379160208912396], [0.7440600017038712, -0.003302120836212498, 0.668104639904873]], [[0.6702968677397835, -0.00441077631668191, -0.7420799513196142], [0.0052274724295639586, 0.9999855901310611, -0.0012219092573894058], [0.7420746476131866, -0.003060160538165335, 0.6703102660613571]], [[0.6722932691993155, -0.004183609126864854, -0.740273096636621], [0.004892356325093104, 0.9999873023729219, -0.0012082808103326735], [0.7402687518995292, -0.0028093607105373316, 0.6723052003766691]], [[0.6736703576411324, -0.004010006672150622, -0.7390210883879835], [0.0046366423367200146, 0.9999885314112796, -0.0011994139216441905], [0.739017422516893, -0.0026185668605950853, 0.6736812245595736]], [[0.6740925981066552, -0.00395396864993377, -0.7386362672586124], [0.004554170461133736, 0.999988913551557, -0.00119678961795211], [0.7386328104743466, -0.002557128446919099, 0.6741031318610498]], [[0.6744810503886582, -0.0039012391889638454, -0.7382818520046422], [0.0044765994743777215, 0.999989266655949, -0.0011944161942752233], [0.7382785874747825, -0.0024993810613108676, 0.6744912752367908]], [[0.6761579803106571, -0.0036606004137934474, -0.7367475725557739], [0.004122978490557465, 0.9999907987938326, -0.0011846417352786034], [0.7367451300894912, -0.0022365894315004397, 0.6761668514184466]], [[0.6776571760522495, -0.0034273814765363197, -0.7353699781750045], [0.0037808527080845575, 0.9999921603577764, -0.0011765949978118806], [0.7353682457773738, -0.001982997529852897, 0.6776648218869757]], [[0.6791438397060402, -0.003178909002871452, -0.7339983239264852], [0.0034169691029068998, 0.9999934784918152, -0.0011693143252617033], [0.7339972542942432, -0.0017139169737609924, 0.6791502728977742]], [[0.6809789479033489, -0.0028478937042463793, -0.7322974546001775], [0.0029331516878573867, 0.9999950239133231, -0.001161365476692513], [0.7322971180699989, -0.001357074074525094, 0.680983912597304]], [[0.6869598404895901, -0.00156701093663917, -0.7266936920265946], [0.0010702077210505145, 0.9999987722004208, -0.001144662870267197], [0.7266945934916211, 8.62422272735375e-06, 0.6869606740677902]], [[0.6873856781698977, -0.001462907476684572, -0.7262911188694422], [0.0009193831197314107, 0.9999989229072869, -0.0011440799565834159], [0.7262920102696923, 0.0001186843821370848, 0.6873862827642322]], [[0.6878096424204574, -0.001357401755976306, -0.7258898354805068], [0.0007666098793733511, 0.9999990522576031, -0.0011435878585513606], [0.7258906998321009, 0.00023009643685034572, 0.6878100311516944]], [[0.6883619931169629, -0.0012171036452672409, -0.7253663109703681], [0.0005635840107269597, 0.9999991878684925, -0.001143081545649626], [0.7253671131262479, 0.0003780490362755068, 0.6883621200166533]], [[0.6889110163260687, -0.0010743956331312984, -0.7248451263950172], [0.0003572167415643051, 0.999999283278696, -0.0011427328189800407], [0.7248458346302229, 0.000528314413522909, 0.6889109063609736]], [[0.690874353464776, -0.0005368050784450702, -0.7229746465574968], [-0.00041890849961526437, 0.9999992592578575, -0.0011428033107075623], [0.7229747244823282, 0.0010923937228715793, 0.6908736168328169]], [[0.6932586722685359, 0.00017586545058514882, -0.7206888249416747], [-0.0014448733888996357, 0.99999829967563, -0.0011458563350065962], [0.7206873980203612, 0.0018356789462525501, 0.69325774760723]], [[0.6935681619243287, 0.00027340245223474565, -0.72039095636745], [-0.0015850428327118728, 0.999998086578564, -0.0011465070565563934], [0.7203892644981104, 0.0019370313139895755, 0.6935672681907374]], [[0.6938516379948777, 0.0003637902907657176, -0.720117887646496], [-0.0017148873976193643, 0.9999978715943283, -0.0011471564968930645], [0.7201159376191034, 0.0020308775047307792, 0.6938507850565008]], [[0.6950754110723555, 0.0007658463605951319, -0.7189364272325822], [-0.0022918723381677524, 0.999996711759799, -0.0011505610704038325], [0.7189331820439111, 0.002447437219450063, 0.6950748807195348]], [[0.696312988390337, 0.0011929150744348182, -0.7177372772488175], [-0.002903752780196554, 0.9999951170452901, -0.001155034791586613], [0.717732394711784, 0.0028883973416860887, 0.6963130522560143]], [[0.6974574413031766, 0.001607352067433427, -0.7166244023127873], [-0.0034965962784639206, 0.9999932139196942, -0.0011601418136912714], [0.7166176744857006, 0.003314895759108922, 0.6974583285622267]], [[0.69884071440545, 0.0021350888055058853, -0.7152741413507654], [-0.0042502407312620194, 0.9999902860035976, -0.001167626725876296], [0.7152647001935774, 0.003856072384857607, 0.69884300051067]], [[0.7002740687512428, 0.002715441688851959, -0.7138689340565367], [-0.005077468268695286, 0.999986416916371, -0.0011769871451326787], [0.7138560414751433, 0.004448860437669245, 0.7002783444390139]], [[0.7019342969488369, 0.0034346409258727726, -0.7122334210135426], [-0.006100486023841126, 0.9999806837851867, -0.0011900112541392948], [0.7122155760984284, 0.005180279743641, 0.701941691214137]], [[0.7039490598974285, 0.004384043913289825, -0.7102369331627968], [-0.007447632282859852, 0.9999715348717877, -0.0012092227015549817], [0.7102114148920078, 0.006140814695868636, 0.7039616726441612]], [[0.7058651746622691, 0.005377636799624076, -0.708325798077028], [-0.008853784069676351, 0.9999600464156744, -0.0012312920090916868], [0.7082908764813045, 0.007140489816212353, 0.705884585253519]], [[0.7066314485238855, 0.005803448847148468, -0.7075579947527388], [-0.00945533335278763, 0.9999545269603954, -0.0012412423620124507], [0.7075186164534653, 0.007567297595054588, 0.7066541893874859]], [[0.7072067663303795, 0.006135016192361816, -0.7069801632527255], [-0.009923323709392076, 0.999949982370283, -0.0012491614111382263], [0.7069371381552176, 0.007899008418270823, 0.7072322732758464]], [[0.7077704850657119, 0.006470442823683199, -0.7064128211177336], [-0.01039640178995608, 0.9999451655001063, -0.0012573077541590961], [0.7063659499860332, 0.008234036836953807, 0.7077989441484771]], [[0.7091784534326143, 0.007358376764453514, -0.7049906208442214], [-0.011647065777579029, 0.9999313521201307, -0.0012794162659956205], [0.7049328103058481, 0.009118406582363603, 0.7092154733335283]], [[0.7128241559437819, 0.01008721938774463, -0.7012702551143211], [-0.015477438738982722, 0.9998793059587954, -0.0013499649784329524], [0.7011719985803508, 0.011816155059299421, 0.7128942466358509]], [[0.7159640111833183, 0.01325378495994535, -0.6980113694449984], [-0.019902379184050308, 0.9998009052083571, -0.0014301214507402755], [0.6978534444946585, 0.014916002439835782, 0.7160852483315852]], [[0.7165696661760939, 0.01401955003581776, -0.6973746236658056], [-0.020969974319230304, 0.9997790569204978, -0.0014482818131118932], [0.6972002393095401, 0.015661722764519232, 0.7167053346715901]], [[0.7171227227228064, 0.01478940529151817, -0.6967899784337469], [-0.022042477254031446, 0.9997559605137909, -0.00146581501301352], [0.6965982556331032, 0.01641014650361709, 0.717273711591744]], [[0.7177175038498032, 0.015717302693650695, -0.6961569873696551], [-0.02333421004641736, 0.999726616118332, -0.0014858216912932226], [0.6959433161609256, 0.017310673604019545, 0.7178880422950773]], [[0.7182976856502411, 0.016764645911504963, -0.6955338823069114], [-0.024791151368559097, 0.9996915167720297, -0.0015066877112230384], [0.6952940626837556, 0.018325336054215106, 0.7184917177359614]], [[0.7187569831603616, 0.017747863431233978, -0.6950348282653157], [-0.026158018890478082, 0.9996566582330825, -0.0015243680627635796], [0.6947691395031119, 0.019276384357336054, 0.7189744528146799]], [[0.7191112961290393, 0.018661178557834234, -0.6946443004836366], [-0.027427093020671534, 0.9996226219526645, -0.001538911600775007], [0.6943534390697594, 0.02015872256151916, 0.7193517411924714]], [[0.7195275640865715, 0.02008644367129719, -0.6941733351982345], [-0.029406646420892066, 0.9995663176631193, -0.001557478625123829], [0.6938410002773516, 0.021533958624252017, 0.7198061926380245]], [[0.7197635452906387, 0.021386868326322212, -0.6938897900486779], [-0.03121220407458913, 0.9995115483709593, -0.0015693915676805112], [0.6935172940795424, 0.02278742057099001, 0.720079506913136]], [[0.7198237310140158, 0.021956422987303128, -0.6938095644761749], [-0.032002905124870536, 0.9994865381842355, -0.0015729119684252326], [0.6934187842369026, 0.02333614102834116, 0.7201567983358043]], [[0.7198408544051319, 0.022191158432973337, -0.6937843301896112], [-0.032328778059201806, 0.9994760489922624, -0.001574039394275036], [0.6933858914330766, 0.023562257494108157, 0.7201811060999129]], [[0.7198534335561074, 0.02242479849581471, -0.6937637657083714], [-0.032653130138195145, 0.9994655034416162, -0.0015749674199419393], [0.6933576330362382, 0.02378730423183795, 0.7202009142369387]], [[0.7198647954616044, 0.02284216816169991, -0.6937383596202895], [-0.033232551699107965, 0.9994464034277315, -0.0015761290992047873], [0.693318306236423, 0.024189295753369745, 0.7202253843126946]], [[0.7198363519495008, 0.023803840955044092, -0.693735542961276], [-0.03456769798615431, 0.9994011155151694, -0.0015762496540828977], [0.6932825547119489, 0.02511548253211689, 0.7202280971117467]], [[0.7198020801962267, 0.024201190401935826, -0.6937573550804842], [-0.035119421833787655, 0.9993818814533478, -0.00157519294885759], [0.6932904092479566, 0.025498184364676497, 0.7202070889951452]], [[0.7197550742813111, 0.02459370390561942, -0.6937923196277558], [-0.035664480503840384, 0.9993625813554908, -0.0015734728724128306], [0.6933113859418791, 0.025876257741255473, 0.7201734106509445]], [[0.7196936318587907, 0.02499305418596808, -0.6938417856430353], [-0.036219094066990684, 0.9993426385272323, -0.0015710017170948553], [0.6933464166539146, 0.026260960833260346, 0.7201257587735945]], [[0.7194318217175913, 0.02616367657625419, -0.6940701087988705], [-0.03784530174541833, 0.9992823934935424, -0.0015592272491175556], [0.6935312444554029, 0.027389050400287045, 0.7199057249961732]], [[0.7190768351602171, 0.02724127936036358, -0.6943964414041388], [-0.03934308948773565, 0.9992245715960983, -0.00154169651777254], [0.6938159888943752, 0.028428299586919788, 0.7195909986492826]], [[0.7189970598485729, 0.027443906194972976, -0.6944710648701098], [-0.0396248321444932, 0.9992134448995226, -0.0015375986305411345], [0.6938826273993192, 0.028623828269285993, 0.7195189892202869]], [[0.7189139471948428, 0.02764421372710309, -0.6945491587901436], [-0.03990338718682092, 0.9992023662630772, -0.0015332792586807457], [0.69395277664961, 0.0288171598475082, 0.7194436149404448]], [[0.7188181742071615, 0.02786311834006796, -0.6946395317470819], [-0.04020784846752356, 0.9991901687835012, -0.0015282434394362308], [0.6940344093422526, 0.029028490190932003, 0.7193563688507532]], [[0.7186621793943786, 0.028196336076457752, -0.6947874772474966], [-0.04067139535078268, 0.9991714204517064, -0.0015199186619319707], [0.6941689344160371, 0.02935028423000628, 0.7192134949424105]], [[0.7182523178410807, 0.028965343246311726, -0.695179557241504], [-0.04174165840622226, 0.999127315050677, -0.001497422159119503], [0.6945295111579979, 0.030093474545952105, 0.718834571316892]], [[0.7181850933681994, 0.02907965448246147, -0.6952442343226203], [-0.04190081299530425, 0.9991206588105216, -0.00149365603835294], [0.6945894424291211, 0.03020402014979432, 0.7187720247983701]], [[0.7181201924238473, 0.02918734645853134, -0.6953067582296331], [-0.04205076746026261, 0.999114364250412, -0.0014900015091026694], [0.6946474805173438, 0.030308182974306208, 0.7187115498276466]], [[0.7180509229796576, 0.02929956910038504, -0.695373573885684], [-0.04220704728770111, 0.9991077803325277, -0.0014860815127175921], [0.694709606358851, 0.030416747517454906, 0.7186469121224588]], [[0.7177306911284722, 0.02978631409403395, -0.6956834269298733], [-0.042885088438124525, 0.9990789333187223, -0.0014677153597466679], [0.6949989382739041, 0.030887869648370266, 0.7183470020169129]], [[0.7170428263385142, 0.030693969464862473, -0.6963529747440729], [-0.04415044609681043, 0.9990238743634741, -0.00142708137254266], [0.6956294439612805, 0.031767572936588565, 0.717698054897596]], [[0.7163024727957557, 0.03152121611064369, -0.6970775999855008], [-0.04530498245280721, 0.9989722464005061, -0.0013818416968188864], [0.6963176186422321, 0.03257090506004553, 0.7169943584937994]], [[0.7153765099443713, 0.03240116892034327, -0.6979875452129214], [-0.046534641914313744, 0.9989158000490157, -0.001323447898046663], [0.6971879058917111, 0.03342736401554572, 0.71610867556067]], [[0.7146309923739715, 0.03301285036657841, -0.6987221883189486], [-0.0473905170675191, 0.998875624286051, -0.0012751859559983869], [0.6978944645364497, 0.03402409319619364, 0.7153919746904582]], [[0.714166805564942, 0.03335664876801876, -0.6991803113733159], [-0.04787201791541691, 0.9988527022406812, -0.001244639382440313], [0.6983366263699937, 0.03436005252402162, 0.714944293676561]], [[0.7139638915421663, 0.03349866589607588, -0.6993807267555366], [-0.048071021405513226, 0.9988431614166438, -0.0012311751428941123], [0.6985304134215978, 0.03449896048267321, 0.7147482656506562]], [[0.7137610862101365, 0.033635758177458834, -0.6995811229470873], [-0.048263184900445254, 0.9988339112701863, -0.0012176534666553723], [0.698724392586479, 0.034633126750657516, 0.7145521462679149]], [[0.7135753008061928, 0.03375721283708237, -0.6997647752357768], [-0.048433481032334656, 0.9988256831800503, -0.0012052115972713746], [0.6989023451058054, 0.0347520531965496, 0.714372316655807]], [[0.713397970634226, 0.033869564296486146, -0.6999401318036337], [-0.04859105836448105, 0.9988180440449236, -0.0011932884356234503], [0.6990724172372558, 0.03486212134448163, 0.714200523630008]], [[0.712981299275885, 0.03412033240776923, -0.7003523897290621], [-0.04894293508106199, 0.9988008969025888, -0.0011650975208098502], [0.6994728414945601, 0.03510799428855988, 0.7137963104055072]], [[0.7117597397291502, 0.034756270493366326, -0.7015625948994408], [-0.04983643181476723, 0.9987568078111675, -0.0010811636390481742], [0.7006528405455974, 0.03573290517484512, 0.7126070140849757]], [[0.7104962737780747, 0.03527040873921513, -0.702816507500207], [-0.050560308920866937, 0.9987205163937662, -0.000992620765788779], [0.7018822551605366, 0.03623987308927899, 0.7113704882051141]], [[0.7101002825389569, 0.03540247493071545, -0.703209964026977], [-0.0507465419299891, 0.9987110984181459, -0.0009645613291483483], [0.7022694477336917, 0.03637040919745162, 0.710981586340023]], [[0.7097159969820102, 0.03551715025532601, -0.703592023594299], [-0.05090837940748719, 0.9987028880257057, -0.0009372060645389888], [0.7026460990668614, 0.03648387982170823, 0.7106035364246561]], [[0.7095809688672641, 0.03555421954699992, -0.7037263289757938], [-0.050960724135916756, 0.9987002274037017, -0.0009275663463222682], [0.7027786658805748, 0.03652058674484496, 0.7104705437432868]], [[0.7095253208237419, 0.035568999349983615, -0.7037816887324901], [-0.050981598996017397, 0.9986991656881234, -0.0009235895434063644], [0.7028333342078463, 0.03653522600281071, 0.7104157104028284]], [[0.7094699720449771, 0.035583407826616634, -0.7038367565379722], [-0.05100195209428898, 0.998698130147397, -0.0009196318035898227], [0.7028877290499629, 0.03654949968915004, 0.7103611577383779]], [[0.7093096366599707, 0.03562346405630964, -0.7039963125967903], [-0.05105854974145672, 0.9986952486893047, -0.0009081540047225484], [0.7030454208936591, 0.03658919313166248, 0.7102030463933406]], [[0.7089700256338655, 0.03569958965765136, -0.7043344674591326], [-0.05116618515357167, 0.9986897618526248, -0.0008837802709155428], [0.7033800709783362, 0.03666468149339808, 0.7098677178752731]], [[0.7088421904118329, 0.0357249642438284, -0.7044618343259488], [-0.05120209014370356, 0.9986879297695967, -0.0008745841425777959], [0.7035062864374515, 0.036689860483296394, 0.7097413325153415]], [[0.7087269872885693, 0.03574618544076322, -0.7045766585086759], [-0.05123213208144944, 0.9986863963174081, -0.0008662868619656669], [0.7036201575645767, 0.036710925308047475, 0.7096273542020326]], [[0.7085120264018919, 0.035781347485616316, -0.7047910354253571], [-0.05128194684198527, 0.9986838529291971, -0.000850779982666895], [0.7038329847143592, 0.0367458442629485, 0.7094144575334151]], [[0.7080668973411707, 0.03583344363457152, -0.7052355870252754], [-0.05135592362046345, 0.9986800784313795, -0.0008185678788759218], [0.7042753992570522, 0.03679762575997756, 0.7089725641657076]], [[0.7078991139670514, 0.035844671801236835, -0.7054034334677384], [-0.05137195453187975, 0.9986792638389347, -0.0008063905303908929], [0.7044428768411113, 0.03680879625272765, 0.7088055768588408]], [[0.7077458237958147, 0.035850206841309275, -0.7055569513292089], [-0.05137993758249595, 0.9986788620949443, -0.0007952476064258886], [0.7045963035054509, 0.03681430529253842, 0.7086527753506877]], [[0.7075618276805199, 0.03585008358943854, -0.7057414764033508], [-0.051379969020556436, 0.9986788710563782, -0.0007818497260156327], [0.7047810715341268, 0.03681418221525305, 0.7084690234547873]], [[0.7074393163074177, 0.035845329594022056, -0.7058645238916162], [-0.051373393593012004, 0.9986792162823034, -0.0007729142845616996], [0.7049045241542814, 0.03680944596227858, 0.7083464382028938]], [[0.7073290476552966, 0.03583739492762846, -0.7059754241245237], [-0.051362311967326726, 0.9986797924745383, -0.0007648610158472502], [0.7050159794305129, 0.036801538389093474, 0.7082359179819819]], [[0.7071389089868938, 0.03581415380054293, -0.7061670551536126], [-0.05132969826267361, 0