{"b2imat": [[[0.6127962870647643, -0.002024802205570437, -0.7902383252764116], [0.0012407938171348338, 0.9999979500859133, -0.0016000795839716457], [0.7902399452004072, 3.2526065174565133e-19, 0.6127975432470807]], [[0.6127962870647643, -0.002024802205570437, -0.7902383252764116], [0.0012407938171348338, 0.9999979500859133, -0.0016000795839716457], [0.7902399452004072, 3.2526065174565133e-19, 0.6127975432470807]], [[0.6127962870647643, -0.002024802205570437, -0.7902383252764116], [0.0012407938171348338, 0.9999979500859133, -0.0016000795839716457], [0.7902399452004072, 3.2526065174565133e-19, 0.6127975432470807]], [[0.6127962870647643, -0.002024802205570437, -0.7902383252764116], [0.0012407938171348338, 0.9999979500859133, -0.0016000795839716457], [0.7902399452004072, 3.2526065174565133e-19, 0.6127975432470807]], [[0.6127962870647643, -0.002024802205570437, -0.7902383252764116], [0.0012407938171348338, 0.9999979500859133, -0.0016000795839716457], [0.7902399452004072, 3.2526065174565133e-19, 0.6127975432470807]], [[0.6127962870647643, -0.002024802205570437, -0.7902383252764116], [0.0012407938171348338, 0.9999979500859133, -0.0016000795839716457], [0.7902399452004072, 3.2526065174565133e-19, 0.6127975432470807]], [[0.6127962870647643, -0.002024802205570437, -0.7902383252764116], [0.0012407938171348338, 0.9999979500859133, -0.0016000795839716457], [0.7902399452004072, 3.2526065174565133e-19, 0.6127975432470807]], [[0.6127962870647643, -0.002024802205570437, -0.7902383252764116], [0.0012407938171348338, 0.9999979500859133, -0.0016000795839716457], [0.7902399452004072, 3.2526065174565133e-19, 0.6127975432470807]], [[0.6127962870647643, -0.002024802205570437, -0.7902383252764116], [0.0012407938171348338, 0.9999979500859133, -0.0016000795839716457], [0.7902399452004072, 3.2526065174565133e-19, 0.6127975432470807]], [[0.6127962870647643, -0.002024802205570437, -0.7902383252764116], [0.0012407938171348338, 0.9999979500859133, -0.0016000795839716457], [0.7902399452004072, 3.2526065174565133e-19, 0.6127975432470807]], [[0.6127962870647643, -0.002024802205570437, -0.7902383252764116], [0.0012407938171348338, 0.9999979500859133, -0.0016000795839716457], [0.7902399452004072, 3.2526065174565133e-19, 0.6127975432470807]], [[0.6127962870647643, -0.002024802205570437, -0.7902383252764116], [0.0012407938171348338, 0.9999979500859133, -0.0016000795839716457], [0.7902399452004072, 3.2526065174565133e-19, 0.6127975432470807]], [[0.6127962870647643, -0.002024802205570437, -0.7902383252764116], [0.0012407938171348338, 0.9999979500859133, -0.0016000795839716457], [0.7902399452004072, 3.2526065174565133e-19, 0.6127975432470807]], [[0.6127962870647643, -0.002024802205570437, -0.7902383252764116], [0.0012407938171348338, 0.9999979500859133, -0.0016000795839716457], [0.7902399452004072, 3.2526065174565133e-19, 0.6127975432470807]], [[0.6127962870647643, -0.002024802205570437, -0.7902383252764116], [0.0012407938171348338, 0.9999979500859133, -0.0016000795839716457], [0.7902399452004072, 3.2526065174565133e-19, 0.6127975432470807]], [[0.6127962870647643, -0.002024802205570437, -0.7902383252764116], [0.0012407938171348338, 0.9999979500859133, -0.0016000795839716457], [0.7902399452004072, 3.2526065174565133e-19, 0.6127975432470807]], [[0.6127962870647643, -0.002024802205570437, -0.7902383252764116], [0.0012407938171348338, 0.9999979500859133, -0.0016000795839716457], [0.7902399452004072, 3.2526065174565133e-19, 0.6127975432470807]], [[0.6127962870647643, -0.002024802205570437, -0.7902383252764116], [0.0012407938171348338, 0.9999979500859133, -0.0016000795839716457], [0.7902399452004072, 3.2526065174565133e-19, 0.6127975432470807]], [[0.6127962870647643, -0.002024802205570437, -0.7902383252764116], [0.0012407938171348338, 0.9999979500859133, -0.0016000795839716457], [0.7902399452004072, 3.2526065174565133e-19, 0.6127975432470807]], [[0.6127962870647643, -0.002024802205570437, -0.7902383252764116], [0.0012407938171348338, 0.9999979500859133, -0.0016000795839716457], [0.7902399452004072, 3.2526065174565133e-19, 0.6127975432470807]], [[0.6127962870647643, -0.002024802205570437, -0.7902383252764116], [0.0012407938171348338, 0.9999979500859133, -0.0016000795839716457], [0.7902399452004072, 3.2526065174565133e-19, 0.6127975432470807]], [[0.6127962870647643, -0.002024802205570437, -0.7902383252764116], [0.0012407938171348338, 0.9999979500859133, -0.0016000795839716457], [0.7902399452004072, 3.2526065174565133e-19, 0.6127975432470807]], [[0.6127962870647643, -0.002024802205570437, -0.7902383252764116], [0.0012407938171348338, 0.9999979500859133, -0.0016000795839716457], [0.7902399452004072, 3.2526065174565133e-19, 0.6127975432470807]], [[0.6127962870647643, -0.002024802205570437, -0.7902383252764116], [0.0012407938171348338, 0.9999979500859133, -0.0016000795839716457], [0.7902399452004072, 3.2526065174565133e-19, 0.6127975432470807]], [[0.6127962870647643, -0.002024802205570437, -0.7902383252764116], [0.0012407938171348338, 0.9999979500859133, -0.0016000795839716457], [0.7902399452004072, 3.2526065174565133e-19, 0.6127975432470807]], [[0.6127962870647643, -0.002024802205570437, -0.7902383252764116], [0.0012407938171348338, 0.9999979500859133, -0.0016000795839716457], [0.7902399452004072, 3.2526065174565133e-19, 0.6127975432470807]], [[0.6127962870647643, -0.002024802205570437, -0.7902383252764116], [0.0012407938171348338, 0.9999979500859133, -0.0016000795839716457], [0.7902399452004072, 3.2526065174565133e-19, 0.6127975432470807]], [[0.6127962870647643, -0.002024802205570437, -0.7902383252764116], [0.0012407938171348338, 0.9999979500859133, -0.0016000795839716457], [0.7902399452004072, 3.2526065174565133e-19, 0.6127975432470807]], [[0.6127962870647643, -0.002024802205570437, -0.7902383252764116], [0.0012407938171348338, 0.9999979500859133, -0.0016000795839716457], [0.7902399452004072, 3.2526065174565133e-19, 0.6127975432470807]], [[0.6127962870647643, -0.002024802205570437, -0.7902383252764116], [0.0012407938171348338, 0.9999979500859133, -0.0016000795839716457], [0.7902399452004072, 3.2526065174565133e-19, 0.6127975432470807]], [[0.6127962870647643, -0.002024802205570437, -0.7902383252764116], [0.0012407938171348338, 0.9999979500859133, -0.0016000795839716457], [0.7902399452004072, 3.2526065174565133e-19, 0.6127975432470807]], [[0.6127962870647643, -0.002024802205570437, -0.7902383252764116], [0.0012407938171348338, 0.9999979500859133, -0.0016000795839716457], [0.7902399452004072, 3.2526065174565133e-19, 0.6127975432470807]], [[0.6127962870647643, -0.002024802205570437, -0.7902383252764116], [0.0012407938171348338, 0.9999979500859133, -0.0016000795839716457], [0.7902399452004072, 3.2526065174565133e-19, 0.6127975432470807]], [[0.6127962870647643, -0.002024802205570437, -0.7902383252764116], [0.0012407938171348338, 0.9999979500859133, -0.0016000795839716457], [0.7902399452004072, 3.2526065174565133e-19, 0.6127975432470807]], [[0.6127962870647643, -0.002024802205570437, -0.7902383252764116], [0.0012407938171348338, 0.9999979500859133, -0.0016000795839716457], [0.7902399452004072, 3.244629645610299e-19, 0.6127975432470807]], [[0.6127962870647643, -0.002024802205570437, -0.7902383252764116], [0.0012407938171348338, 0.9999979500859133, -0.0016000795839716457], [0.7902399452004072, 3.2219396043858535e-19, 0.6127975432470807]], [[0.6127962870647643, -0.002024802205570437, -0.7902383252764116], [0.001240793817134834, 0.9999979500859133, -0.0016000795839716457], [0.7902399452004072, 2.1865018211320846e-19, 0.6127975432470807]], [[0.6127962870647643, -0.002024802205570444, -0.7902383252764116], [0.0012407938171348457, 0.9999979500859133, -0.0016000795839716457], [0.7902399452004072, -8.902161336449728e-18, 0.6127975432470807]], [[0.6127962870647673, -0.002024802205570896, -0.7902383252764092], [0.0012407938171355892, 0.9999979500859133, -0.0016000795839716411], [0.7902399452004049, -5.918296696739645e-16, 0.6127975432470837]], [[0.6127962870648607, -0.0020248022055851817, -0.7902383252763368], [0.0012407938171590913, 0.9999979500859133, -0.0016000795839714943], [0.7902399452003324, -1.9014571645001457e-14, 0.6127975432471772]], [[0.6127962870672707, -0.00202480220595384, -0.7902383252744668], [0.0012407938177655727, 0.9999979500859125, -0.001600079583967708], [0.7902399451984624, -4.944229804834443e-13, 0.6127975432495885]], [[0.6127962871020913, -0.002024802211280041, -0.7902383252474512], [0.0012407938265277293, 0.9999979500859018, -0.0016000795839130068], [0.7902399451714468, -7.362899213684554e-12, 0.6127975432844267]], [[0.612796287518377, -0.002024802274953946, -0.7902383249244761], [0.001240793931277973, 0.9999979500857729, -0.001600079583259045], [0.790239944848471, -8.947446607973037e-11, 0.6127975437009237]], [[0.6127962935357945, -0.0020248031952715974, -0.790238320255866], [0.0012407954452980916, 0.9999979500839093, -0.001600079573806007], [0.7902399401798514, -1.2762828382243066e-09, 0.6127975497213944]], [[0.6127963496093034, -0.0020248117687948755, -0.7902382767512677], [0.0012408095496851713, 0.9999979500665495, -0.0016000794857170084], [0.7902398966751638, -1.2332387611636881e-08, 0.6127976058233472]], [[0.6127974394071138, -0.0020249781724747066, -0.7902374312315795], [0.0012410833047224743, 0.9999979497295731, -0.001600077773494443], [0.7902390511537095, -2.2692021865686825e-07, 0.6127986961732487]], [[0.6128052516287568, -0.0020261668963899534, -0.790231370058114], [0.0012430389463064578, 0.9999979473201989, -0.0016000654883511296], [0.7902329899658668, -1.7598353638425614e-06, 0.6128065123401589]], [[0.6128362537715136, -0.0020308527070533144, -0.7902073156460772], [0.0012507480345079357, 0.9999979377860785, -0.001600016545135283], [0.7902089354674817, -7.802101404975487e-06, 0.6128375300570915]], [[0.6129343559618978, -0.00204550532220525, -0.7901311860631437], [0.0012748543234592559, 0.9999979075955361, -0.0015998596825224178], [0.790132805310618, -2.669319451630291e-05, 0.6129356811766193]], [[0.6131729952924357, -0.0020804756194080253, -0.789945915531753], [0.0013323804767049697, 0.9999978332335488, -0.001599465683523887], [0.7899475315528035, -7.17593514735326e-05, 0.6131744386748587]], [[0.6133916360124277, -0.0021119091355905513, -0.7897760699779401], [0.0013840778630291339, 0.9999977636181053, -0.0015990895087748657], [0.7897776808687784, -0.00011224344528888723, 0.6133931872811622]], [[0.6134814395473452, -0.0021246803019001263, -0.7897062802488857], [0.0014050787852490706, 0.9999977345843084, -0.0015989308485251515], [0.7897078884527644, -0.0001286851422657946, 0.6134830351000835]], [[0.6135056644595703, -0.0021281125205266237, -0.7896874513458606], [0.0014107223923443546, 0.9999977267077421, -0.0015988876382292832], [0.7896890587682929, -0.00013310314767889546, 0.6135072719578796]], [[0.61352499462398, -0.0021308474303406728, -0.7896724260482151], [0.0014152193086677672, 0.999997720409044, -0.0015988530338539447], [0.789674032829973, -0.0001366233658661743, 0.6135266116543785]], [[0.613542988408978, -0.002133390257241429, -0.7896584388330127], [0.0014194003066482907, 0.999997714534922, -0.0015988207223222816], [0.789660045004779, -0.00013989618632317163, 0.6135446143126897]], [[0.6135601356798, -0.002135810787363893, -0.7896451090311811], [0.0014233801455054767, 0.9999977089273773, -0.0015987898416985463], [0.7896467146094805, -0.000143011457994441, 0.6135617700396402]], [[0.6135802183467313, -0.002138642402238414, -0.789629496575611], [0.0014280357973721757, 0.9999977023477616, -0.0015987535641691381], [0.7896311014437936, -0.00014665562678542406, 0.6135818626106776]], [[0.6136074058012919, -0.0021424702054244752, -0.7896083594841353], [0.001434329190170243, 0.9999976934195671, -0.0015987042627358993], [0.7896099633651936, -0.00015158154350968815, 0.6136090634740112]], [[0.6136523518926218, -0.0021487844658289097, -0.7895734125095482], [0.0014447102269589732, 0.9999976786068883, -0.001598622280184096], [0.7895750146939893, -0.00015970646196452023, 0.6136540317351727]], [[0.6137621547497848, -0.002164139755896613, -0.7894880201092465], [0.0014699531373638071, 0.9999976421436545, -0.0015984195023272371], [0.7894896178130999, -0.0001794609941282798, 0.6137638887708178]], [[0.6140922921779192, -0.002209746183847307, -0.7892311281934284], [0.0015449081064553203, 0.9999975301620816, -0.0015977886841862308], [0.7892327096279088, -0.00023809985232503756, 0.6140941893242835]], [[0.6150958499031046, -0.002343955079611252, -0.7884488577622278], [0.001765311313226494, 0.9999971687352129, -0.0015956808971375914], [0.7884503656590844, -0.00041036099090915895, 0.6150982462143042]], [[0.6190157804918028, -0.002822477040840898, -0.7853734762044853], [0.002548784192085986, 0.9999954959090943, -0.001584885064103911], [0.785374412112659, -0.0010206786360885058, 0.6190201862733202]], [[0.6201005779010405, -0.0029451279659950523, -0.7845167936431308], [0.0027489382600790614, 0.9999949715255969, -0.001581221667729977], [0.7845175056206689, -0.0011760717597721205, 0.6201055557161043]], [[0.6206692837902881, -0.003008039834565986, -0.7840667011521683], [0.0028514921039409827, 0.9999946875617536, -0.0015791899985490142], [0.784067286112659, -0.0012556052819312313, 0.6206745639248837]], [[0.6207960251762813, -0.0030219368151427842, -0.7839663022243074], [0.0028741353993648943, 0.9999946234689946, -0.0015787269584821052], [0.7839668580182929, -0.0012731578804687199, 0.6208013729027796]], [[0.6209133928959655, -0.0030347666272641065, -0.7838732988908204], [0.0028950365055417436, 0.9999945638597231, -0.0015782948499271953], [0.7838738274021465, -0.0012893574057508072, 0.6209188032838342]], [[0.6213595741866605, -0.0030831933633664725, -0.7835194786891356], [0.002973899431535647, 0.9999943350746318, -0.0015766232320367905], [0.7835199011440496, -0.0013504581921605198, 0.6213652233380371]], [[0.6228357126702794, -0.003239458710996093, -0.7823459470910575], [0.003228059708602672, 0.9999935561324417, -0.0015707718200294132], [0.7823459942078448, -0.001547126644023792, 0.6228421563655795]], [[0.6269157757403588, -0.003639695158451865, -0.7790785343898625], [0.0038767694287100275, 0.9999912806891174, -0.0015521612464916216], [0.7790773907556929, -0.002047233472769366, 0.6269244197257335]], [[0.6279743686165267, -0.0037359926777386083, -0.7782250540296329], [0.004032352075957897, 0.9999906737584342, -0.0015467814609638638], [0.7782235748789984, -0.0021667383008432536, 0.6279835768136982]], [[0.6283715859448319, -0.0037713319979251997, -0.7779041888511571], [0.004089398443981203, 0.9999904453044162, -0.001544707170130136], [0.7779025818170171, -0.002210510085140301, 0.6283810045248193]], [[0.6286636406980212, -0.003797039555203086, -0.7776680585924589], [0.004130880000800631, 0.9999902771919157, -0.0015431630031195196], [0.7776663569261346, -0.0022423229587703788, 0.6286732134368546]], [[0.6288467821477991, -0.003813041197411747, -0.7775198938285913], [0.004156693000748808, 0.9999901717337107, -0.001542186525964437], [0.7775181325767868, -0.002262112466296777, 0.6288564513158266]], [[0.6290310203917943, -0.003829046196285341, -0.7773707698325963], [0.004182505915877176, 0.9999900656273121, -0.0015411978936561857], [0.7773689484595842, -0.002281896559983538, 0.6290407863715742]], [[0.6292009597826096, -0.003843726877567387, -0.777233155476767], [0.0042061781237105, 0.9999899677506009, -0.001540280410647877], [0.7772312784971229, -0.002300035182875806, 0.6292108148815656]], [[0.6293594974393598, -0.00385735156291419, -0.777104718697445], [0.004228143414131797, 0.9999898764439135, -0.001539419681540968], [0.7771027897171543, -0.0023168618013294047, 0.6293694355187963]], [[0.6295157044192141, -0.0038707089464330153, -0.7769781177754437], [0.00424967388378381, 0.999989786489432, -0.0015385670935344309], [0.77697613744664, -0.0023333514677001967, 0.6295257241046364]], [[0.6298121492879843, -0.0038958754857642995, -0.7767377155536402], [0.004290228802372877, 0.9999896158270762, -0.001536936836536145], [0.7767356374894298, -0.002364401026819775, 0.6298223234069368]], [[0.630004620273338, -0.003912087219023696, -0.7765815308181598], [0.004316346139333694, 0.9999895050748482, -0.0015358698399983578], [0.7765793891098903, -0.002384389597088318, 0.6300148943445683]], [[0.6301678889228715, -0.003925760331818884, -0.77644898105178], [0.004338369297434185, 0.9999894111695218, -0.001534959501734843], [0.7764467852482669, -0.002401240231629691, 0.6301782475800162]], [[0.6303319400010974, -0.0039394260605501216, -0.7763157388181726], [0.004360376512273044, 0.9999893168619237, -0.0015340399910166646], [0.7763134885670621, -0.002418074510074794, 0.6303423834588154]], [[0.6305137744453183, -0.003954487839756917, -0.7761679858514408], [0.00438462722418716, 0.9999892123960652, -0.0015330151994694256], [0.7761656751485865, -0.0024366200816081695, 0.6305243116674848]], [[0.6306837843451146, -0.003968489064442191, -0.7760297773015602], [0.004407165935896213, 0.9999891147936851, -0.0015320517468642124], [0.776027409987931, -0.0024538518062406332, 0.6306944090118252]], [[0.6308696459058436, -0.003983706149157749, -0.7758786116139504], [0.0044316570656078615, 0.9999890081781975, -0.0015309926313653288], [0.7758761823192707, -0.0024725711519800186, 0.6308803659186192]], [[0.6311733167455189, -0.004008367440697333, -0.7756314699771792], [0.004471337467065615, 0.9999888342067722, -0.0015292491739090147], [0.7756289392291614, -0.00250288877911858, 0.6311841919582933]], [[0.63180880798257, -0.004059169385889714, -0.775113638958559], [0.004553036805451222, 0.9999884712116015, -0.001525548993592854], [0.7751108952992016, -0.0025652656354255747, 0.6318200055401287]], [[0.6329998868576461, -0.004151452604167584, -0.7741407550823824], [0.004701301895195285, 0.9999877959912862, -0.0015184297743605084], [0.7741376111511022, -0.0026783035236461646, 0.6330116789535076]], [[0.633494192227447, -0.004188630384734746, -0.7737361073322307], [0.0047609803187600485, 0.9999875182268831, -0.001515406494342289], [0.7737327972113736, -0.0027237411658941, 0.6335062270834938]], [[0.6336764445840634, -0.004202172461196436, -0.7735867794410305], [0.004782710805750935, 0.9999874162347698, -0.0015142818288991088], [0.7735834080800121, -0.002740277123784574, 0.6336885683240915]], [[0.6338466953490802, -0.00421474197450751, -0.7734472204004469], [0.004802877087685559, 0.9999873211783687, -0.0015132264173681592], [0.7734437918599958, -0.0027556183694325853, 0.633858901807549]], [[0.6348512256029077, -0.00428726039892639, -0.7726225085698685], [0.004919158917048754, 0.9999867654671608, -0.0015069061264737077], [0.7726187437708668, -0.002843991701284612, 0.6348639133587364]], [[0.6376830279875468, -0.004475109341494284, -0.7702858749925602], [0.00521990631093173, 0.9999852686982569, -0.0014882757069308947], [0.7702811878754253, -0.0030717719408201597, 0.6376969937379396]], [[0.6436234007956868, -0.004776156895879828, -0.7653274503593477], [0.005701329614909844, 0.9999827019985534, -0.001445871465328123], [0.7653211174329733, -0.0034327873482101526, 0.6436394978419254]], [[0.6479598307275263, -0.004904055046813459, -0.7616587214807512], [0.005907568226529301, 0.9999815520980918, -0.0014128344347230568], [0.7616515990932091, -0.0035840909013103114, 0.6479768482679049]], [[0.6483180866244622, -0.004910824885042622, -0.7613537563804252], [0.005918677236259762, 0.9999814903350773, -0.0014100521303854656], [0.7613465884965975, -0.0035920448474183004, 0.6483351520613745]], [[0.6486566495080649, -0.004916668793484802, -0.7610652911656042], [0.0059283153496930965, 0.9999814369547281, -0.0014074171633042592], [0.761058083280195, -0.0035989045461274796, 0.6486737560283925]], [[0.650140055030413, -0.004935803083583224, -0.7597983592329026], [0.005960517042793533, 0.9999812617897212, -0.0013958173301765924], [0.7597910114509596, -0.003621314313441735, 0.6501572925077513]], [[0.6512766878952869, -0.004943143570700868, -0.7588242491748823], [0.005973881896730569, 0.999981194468224, -0.0013868831917572446], [0.758816834644084, -0.003629881753321564, 0.6512939700467282]], [[0.6516485910073714, -0.004944129233027719, -0.7585048908374119], [0.005976074075299126, 0.999981185427841, -0.001383954109075795], [0.7584974623403774, -0.0036310296689238183, 0.6516658770004685]], [[0.652021328191565, -0.004944404781234655, -0.758184502904607], [0.0059771763616609935, 0.9999811829011095, -0.0013810164514119878], [0.7581770643761833, -0.003631350307635934, 0.6520386126211352]], [[0.6523732970610148, -0.004944003956966139, -0.7578816781705794], [0.005977202424313355, 0.9999811865743287, -0.0013782411168555234], [0.7578742338494941, -0.003630884502556641, 0.6523905749969185]], [[0.6527982521691367, -0.004942655633643883, -0.7575156844054429], [0.0059759084454252, 0.999981198922257, -0.0013748891799032921], [0.7575082378979189, -0.0036293191224142833, 0.6528155157159917]], [[0.6540254661981478, -0.0049333573708982515, -0.756456443920855], [0.00596390129745059, 0.9999812838666823, -0.0013652097478973372], [0.7564490210487733, -0.0036185496255385107, 0.654042647426755]], [[0.6577956147519166, -0.004851992808974872, -0.7531808463967794], [0.00584665864821194, 0.9999820161258629, -0.0013356674381933052], [0.7531737819360399, -0.0035249951256437167, 0.6578121529840912]], [[0.6613607317067037, -0.004695379845552518, -0.7500532887498852], [0.005615542399134724, 0.9999833766910474, -0.0013084437832650336], [0.7500469640229036, -0.0033466027066890633, 0.6613761048075348]], [[0.662048919586607, -0.004655459362497585, -0.7494461653597073], [0.005556412230351124, 0.9999837136897739, -0.001303318201505401], [0.7494400271918832, -0.003301371432011114, 0.6620640049038581]], [[0.6623792853929273, -0.004635123620085394, -0.7491543218265652], [0.005526277908106157, 0.9999838838571392, -0.0013008760407896792], [0.7491482780697525, -0.0032783616361902464, 0.6623942253749995]], [[0.662535621070801, -0.0046252317472420595, -0.7490161266913093], [0.0055116173208149735, 0.9999839662665275, -0.001299724729639629], [0.7490101286944488, -0.0032671763264695915, 0.6625504906586481]], [[0.6626907392943364, -0.0046152457338813355, -0.7488789512066559], [0.005496815867270055, 0.9999840492186449, -0.001298585231557247], [0.7488729992921931, -0.0032558892945208236, 0.6627055380152298]], [[0.6642425522741161, -0.004505997828861837, -0.7475035302471645], [0.005334841460001483, 0.9999849409804291, -0.001287353472787393], [0.7474980743888259, -0.003132697868217708, 0.6642565882165582]], [[0.668572543359561, -0.0041119073433148945, -0.7436355602603786], [0.004750973617170143, 0.9999879227806848, -0.0012579914385969539], [0.7436317519548602, -0.002691934391960216, 0.6685840044256316]], [[0.6697512179121574, -0.003981854283812775, -0.7425748790133446], [0.0045586139522843985, 0.9999888274426666, -0.0012506113201929112], [0.7425715623049765, -0.0025475137492531243, 0.669761886814771]], [[0.6708663049394087, -0.0038497482583855326, -0.7415683247923487], [0.004363408389557146, 0.9999897066233953, -0.0012439109619368555], [0.741565480294362, -0.0024012674991215027, 0.6708761974837295]], [[0.6724854979860947, -0.00364202175776902, -0.7401013381125244], [0.004056857539039014, 0.9999910086575959, -0.0012347108451888915], [0.7400991804517417, -0.002172160555579918, 0.6724942266021465]], [[0.6731427647636284, -0.0035522534972135065, -0.7395040228027897], [0.003924531574236343, 0.9999915411033187, -0.0012311676295352096], [0.7395021408341822, -0.002073455304732474, 0.6731510116495397]], [[0.6737609796164972, -0.0034649220967962234, -0.7389412267975852], [0.0037958831958442817, 0.9999920416836453, -0.0012279414226782893], [0.738939600790903, -0.0019775955696630645, 0.6737687700530367]], [[0.6755987549747219, -0.003188600790592067, -0.7372626093202089], [0.003389379011463593, 0.9999935130587992, -0.0012189955854046285], [0.7372617136312993, -0.0016753105141487168, 0.6756051797819193]], [[0.67741901295447, -0.002889875563538007, -0.7355916866761464], [0.002950821755286215, 0.9999949128601253, -0.0012111584695759592], [0.7355914447156097, -0.001350138177061044, 0.6774240943368809]], [[0.6798137899886846, -0.002457684928896467, -0.733380645180966], [0.0023179047188437467, 0.9999965905798519, -0.0012025582672007065], [0.7333811002875468, -0.0008823907648667018, 0.6798171688973467]], [[0.6835801129597876, -0.0016821903063391022, -0.7298735502823049], [0.0011865531689531485, 0.9999985838568674, -0.0011934721768111288], [0.729874524324215, -5.019992858471944e-05, 0.6835811409207443]], [[0.6856524545434814, -0.0012011901030182632, -0.7279280656224725], [0.0004873724136850425, 0.9999991718971926, -0.0011910806266951998], [0.7279288935374576, 0.00046189529692013977, 0.6856524721796792]], [[0.6867951351443728, -0.0009179963544692481, -0.7268504657938626], [7.656102398847386e-05, 0.9999992882625135, -0.0011906354924542343], [0.7268510414661797, 0.0007620742479989985, 0.6867947166092709]], [[0.6870206300136202, -0.0008605271507360553, -0.726637401617031], [-6.733214157582772e-06, 0.9999992911835589, -0.0011906246442706264], [0.7266379111293259, 0.0008228762984554255, 0.687020137247989]], [[0.6872455761898424, -0.0008026658733772095, -0.7264247199366405], [-9.057140619930077e-05, 0.9999992870867268, -0.0011906396845394259], [0.726425157744657, 0.0008840551644172622, 0.6872450135447726]], [[0.6880923819154463, -0.0005800356185999191, -0.7256228617599145], [-0.00041292783545132027, 0.999999205585193, -0.0011909322338206714], [0.7256229760974828, 0.0011191012751289478, 0.6880915957718173]], [[0.6889288700062417, -0.00035253933676060857, -0.7248288679322714], [-0.0007419706983036253, 0.9999990147873541, -0.0011915971650791222], [0.724828573906578, 0.0013587274697298085, 0.6889279296909493]], [[0.6912998311258992, 0.00033466058640981033, -0.7225679424715951], [-0.0017338110078572934, 0.9999977821825079, -0.0011956293131248964], [0.722565939817765, 0.002079334594833306, 0.6912988781872504]], [[0.6920333998313027, 0.0005604472533510105, -0.721865264032592], [-0.0020590323631699526, 0.999997163119607, -0.0011975552035706155], [0.7218625450206524, 0.0023150921395028033, 0.6920325905943523]], [[0.692759714350775, 0.0007903871672709227, -0.721168048003236], [-0.0023899163308784147, 0.9999964243902253, -0.0011997944389571151], [0.7211645210855854, 0.002554700548041044, 0.692759126271568]], [[0.6945368062245466, 0.001381142442694309, -0.7194558480164023], [-0.0032385944904114016, 0.9999940276365095, -0.0012067298951183387], [0.7194498844986865, 0.0031681440728091124, 0.6945371311585873]], [[0.6961286908801638, 0.0019466868082737715, -0.7179143793963043], [-0.004049238679687959, 0.9999910639245918, -0.0012147991928426844], [0.717905599225709, 0.0037526632455492782, 0.6961303528212093]], [[0.6979706549709065, 0.0026481892780533143, -0.7161214644828579], [-0.0050524602441241635, 0.9999864840930802, -0.0012264895607740419], [0.7161085374752951, 0.004474228951309455, 0.6979746011355469]], [[0.6995024108918272, 0.0032740445328167736, -0.7146227380855996], [-0.005945488316739811, 0.999981558752183, -0.0012382746993343005], [0.7146055053840804, 0.005114957277692891, 0.6995089769880373]], [[0.7009861108260155, 0.003921184616014609, -0.7131641443176076], [-0.006867028748534049, 0.9999756383987533, -0.0012516090339100157], [0.7131418627070101, 0.0057746792304055805, 0.7009959605693902]], [[0.7036182017551287, 0.005183244254220834, -0.7105593290766944], [-0.008659244128911774, 0.9999616883789776, -0.0012803379951348128], [0.7105254700924071, 0.007053775816323559, 0.7036361279786151]], [[0.7047886153219943, 0.005798652534128858, -0.7093936730344698], [-0.009530975632432933, 0.999953740168958, -0.0012953862772401275], [0.7093533451080928, 0.007674187312133963, 0.7048112787357325]], [[0.7055343308646241, 0.0062107136103092455, -0.7086485271330913], [-0.010113920645315164, 0.9999480004430902, -0.0013057637792637717], [0.708603567998799, 0.008088476143110817, 0.7055604580566395]], [[0.7062617044547355, 0.0066289595131203225, -0.7079198130554811], [-0.010705034461168664, 0.9999418328304825, -0.001316507805400357], [0.7078699082867688, 0.008508105041070163, 0.706291586450478]], [[0.7069280876411632, 0.007027380027901232, -0.7072505177332805], [-0.011267606273075072, 0.9999356381046888, -0.0013269125988408339], [0.7071956730304026, 0.008907052156209742, 0.7069617701608791]], [[0.7083022013522587, 0.007900079737342098, -0.7058651289727592], [-0.012498178666784973, 0.9999209831750573, -0.0013501615610932928], [0.7057986873674382, 0.009778350902455398, 0.7083449701692467]], [[0.7102774511596536, 0.009298091727272903, -0.703860417884406], [-0.014465071015285567, 0.9998944117267691, -0.0013882067934636601], [0.703773190804183, 0.01116740291248974, 0.7103369517472126]], [[0.7122917520436396, 0.010953054511085199, -0.701798041153954], [-0.016787329762032614, 0.9998580553481168, -0.0014334276896815026], [0.7016827242636865, 0.012802333863712505, 0.712374518576837]], [[0.7141257222744049, 0.012753186305432007, -0.6999012852003972], [-0.01930692842075516, 0.999812506523426, -0.001481321807943888], [0.6997511667021805, 0.014570794020978405, 0.7142380532151617]], [[0.7150277402694771, 0.013790620452734888, -0.6989600485240234], [-0.02075646508193138, 0.9997834245626905, -0.0015076892916256735], [0.6987878789750702, 0.015585979508074187, 0.7151591273558267]], [[0.7156126833661427, 0.014539721458940717, -0.6983459629048164], [-0.021802142748875836, 0.9997611404963912, -0.001525950494406379], [0.6981569694396201, 0.01631742789933935, 0.7157587495585959]], [[0.7161059835725874, 0.01523256377243643, -0.6978253286407036], [-0.022768627518898566, 0.9997395717706474, -0.0015421532825231118], [0.6976201042777446, 0.016992870174275386, 0.7162663139299507]], [[0.7167760094789786, 0.016294380245199462, -0.697113079355042], [-0.02424872489666872, 0.9997047306727158, -0.0015655067796011973], [0.6968817342823157, 0.018026220985445717, 0.7169594854527753]], [[0.7173674955746416, 0.01740167466271702, -0.6964776076888278], [-0.025791012265131093, 0.9996660957648561, -0.0015876600983481572], [0.6962174229214304, 0.019101798270868334, 0.7175767703343762]], [[0.7179305717105973, 0.01871232461874494, -0.6958631640708616], [-0.027615268932691683, 0.9996173284003079, -0.001610491727541772], [0.6955667409566975, 0.020372669662860592, 0.7181725859469569]], [[0.7183370911983438, 0.01997966221461047, -0.6954082516813742], [-0.029378261589016505, 0.9995670391139422, -0.0016285155794773735], [0.6950746299173644, 0.02159970867338968, 0.7186130470778528]], [[0.7185615596462758, 0.02096973020836916, -0.6951471465911034], [-0.030755092189433286, 0.9995256057627613, -0.0016394294748786546], [0.694782994396943, 0.022557345579030393, 0.7188656041690257]], [[0.718703161714844, 0.021945712738316085, -0.6949706116330003], [-0.032112114020051916, 0.9994829158457923, -0.0016471385960618854], [0.6945751057116147, 0.023500779238116963, 0.7190362549280478]], [[0.7187311044927381, 0.022250156581010525, -0.6949320326239263], [-0.03253539666432584, 0.9994692237286897, -0.0016488732710538783], [0.6945264915023721, 0.02379498584343937, 0.7190735367472286]], [[0.718749471126556, 0.022521368639978067, -0.6949042996772511], [-0.03291247375367958, 0.9994568755697744, -0.0016501356661423644], [0.6944897168617835, 0.02405705366177411, 0.7191003346838369]], [[0.7187608208714185, 0.022767912877643418, -0.6948845260354365], [-0.03325525551261755, 0.9994455272945701, -0.0016510456286702685], [0.6944616406692928, 0.024295269376432383, 0.7191194403747493]], [[0.7187683936290644, 0.023201111845329143, -0.6948623638743772], [-0.033857562587614014, 0.9994253029066407, -0.0016520791730637568], [0.6944246984199013, 0.024713808268025786, 0.7191408526188541]], [[0.7187637059611918, 0.023525029471380604, -0.6948563218258553], [-0.034307943727855165, 0.999409943259719, -0.0016523652048603425], [0.6944074452294924, 0.025026751726393157, 0.7191466899791217]], [[0.7187505345836234, 0.023841155011832767, -0.6948591716049447], [-0.03474750947381958, 0.9993947572048041, -0.0016522278644889553], [0.6943992220770219, 0.025332165309169166, 0.7191439367606652]], [[0.7187101797332123, 0.0243615552110905, -0.6948828621973658], [-0.035471169402850555, 0.9993693361884077, -0.0016510686037268588], [0.6944044021239343, 0.02583494753307732, 0.7191210480836424]], [[0.7185946883167026, 0.025204060867042143, -0.6949722506970218], [-0.03664294289199916, 0.9993270653429366, -0.0016465750169821838], [0.6944630794068792, 0.026649048554933927, 0.7190346720095514]], [[0.7184214744838656, 0.026021447563135278, -0.6951211903453957], [-0.03778010237401563, 0.9992847332091528, -0.0016388531721766803], [0.6945813479104429, 0.027439137046014788, 0.7188907044141924]], [[0.7181835973950238, 0.026843338981282917, -0.6953357143029048], [-0.03892395146313997, 0.9992408506477549, -0.0016273903173160901], [0.6947641660558552, 0.02823397862657028, 0.7186832376058857]], [[0.718011148208681, 0.02732966404650163, -0.6954948457833526], [-0.03960102723985225, 0.9992142605525172, -0.0016186877504236954], [0.6949041298550834, 0.028704546183316762, 0.7185292612961639]], [[0.717903889104752, 0.027601775817396743, -0.6955948159525419], [-0.03997995942163632, 0.999199179644285, -0.001613146872054516], [0.6949932437462732, 0.028967936928828625, 0.7184324949340559]], [[0.7177904616306326, 0.027869708299990477, -0.6957011805016643], [-0.040353140430504676, 0.9991841877159963, -0.0016071949848356587], [0.6950888268772055, 0.029227356664547465, 0.7183295096074818]], [[0.7176738945081502, 0.028127271058612322, -0.6958110647038839], [-0.040711946702157234, 0.9991696423678011, -0.0016009891690931615], [0.6951882612194166, 0.029476811113044538, 0.7182230844726323]], [[0.7174597895241939, 0.028561903252996887, -0.6960141292377033], [-0.04131758883965094, 0.9991447996767896, -0.0015893807926684422], [0.6953735019889868, 0.029897942427413057, 0.718026326655389]], [[0.7172205785150209, 0.029000238553201545, -0.6962425065438684], [-0.04192861709483975, 0.9991193656866855, -0.0015761276433728202], [0.6955836634245687, 0.03032291664222293, 0.7178049093613229]], [[0.7170740243145046, 0.029248682970392695, -0.6963830542151002], [-0.042275051538208125, 0.9991047801816864, -0.0015678761254394452], [0.6957137799920982, 0.030563912750173866, 0.7176685750167399]], [[0.7169222488157679, 0.029492279369357166, -0.6965290335733281], [-0.042614807778891116, 0.9990903597508028, -0.0015592340998578493], [0.6958494573619791, 0.03080030049544469, 0.7175269152989882]], [[0.7167675277174255, 0.029728051421931117, -0.6966782285736774], [-0.042943732050423476, 0.9990762895563337, -0.0015503302644989368], [0.6959886113202439, 0.03102918956406226, 0.7173820755410381]], [[0.7166061718045325, 0.02996206661814243, -0.6968341761823076], [-0.04327028780692354, 0.9990622141117834, -0.0015409500854178175], [0.6961345248763412, 0.0312564696987622, 0.7172306158950639]], [[0.7163991504469975, 0.030246729014973387, -0.6970347140729559], [-0.04366763510625105, 0.9990449441671858, -0.001528783245117679], [0.6963227663110678, 0.031533076568547924, 0.7170357523855249]], [[0.7159336450410115, 0.030833374483017408, -0.6974871460581431], [-0.044486936858181565, 0.999008838624646, -0.0015009326470633128], [0.6967495449207826, 0.032103634807055074, 0.7165957216484824]], [[0.7145754008246029, 0.032242603133091505, -0.6988150049044543], [-0.046457769724433426, 0.9989192506697403, -0.0014164298905353027], [0.6980140916691008, 0.03347753253459883, 0.7153010433704164]], [[0.7128490055231106, 0.03360331052907677, -0.7005120361894283], [-0.04836526959812972, 0.9988288649011591, -0.0013035861984260597], [0.699647837144858, 0.03480971361219145, 0.713639396205687]], [[0.7127239651718162, 0.0336874725541868, -0.7006352144038542], [-0.04848343016063205, 0.9988231472140667, -0.001295217842755975], [0.6997670372843294, 0.03489233128227233, 0.7135184782106614]], [[0.7125989757437415, 0.033769842034618164, -0.7007583731486821], [-0.0485990969841535, 0.9988175368119585, -0.001286829138242554], [0.6998862961519968, 0.03497321726497255, 0.7133975375152584]], [[0.7121885504613951, 0.03402837908589276, -0.7011629896169249], [-0.04896229959387917, 0.9987998337154844, -0.0012591220807439054], [0.7002786315533565, 0.03522728469129605, 0.7129999134664007]], [[0.7116847137239446, 0.03432201497723695, -0.7016600797677104], [-0.049375112178444445, 0.9987795543504935, -0.001224789292153585], [0.700761704539495, 0.03551620896641864, 0.712510794550941]], [[0.7111307031209936, 0.03461659335854303, -0.7022071023159413], [-0.04978960525653507, 0.9987590235103261, -0.0011866613302809101], [0.7012946016383594, 0.03580648573880838, 0.7119717531559728]], [[0.7096155287642797, 0.03528285460624385, -0.7037051381846583], [-0.05072866445954018, 0.9987118878088325, -0.001080625508634368], [0.7027605594644694, 0.03646485047512234, 0.710491316443117]], [[0.7091126278985872, 0.035460956818942284, -0.7042029547625509], [-0.05098015660565035, 0.9986991197267038, -0.0010449352088012878], [0.7032498166279845, 0.03664135366784616, 0.7099979624014102]], [[0.7086413298823953, 0.03560850572791148, -0.7046697807501028], [-0.051188704917302916, 0.9986884868548888, -0.0010112924414443878], [0.7037095864569916, 0.03678777709155548, 0.7095346907553233]], [[0.7082098225995215, 0.03572678070194223, -0.7050974714990064], [-0.051356039964373885, 0.9986799267524841, -0.0009803371108384235], [0.7041316669010155, 0.036905298296429294, 0.7091097197365929]], [[0.7079183122071773, 0.035797144388380366, -0.7053865803199274], [-0.05145567888364111, 0.9986748183285121, -0.0009593472557032258], [0.7044174730601419, 0.03697528485584266, 0.7088221582015152]], [[0.7076357323833483, 0.0358573631885264, -0.705667003450998], [-0.05154102321734288, 0.9986704367866351, -0.0009389430871104952], [0.7046951065390352, 0.03703522908768712, 0.7085430111337071]], [[0.7073176822183025, 0.035914780315317196, -0.7059828786707886], [-0.051622486235394484, 0.998666250566112, -0.0009159121793191922], [0.7050083796213175, 0.03709243231639125, 0.7082283079125252]], [[0.7070431185628301, 0.035954479338954376, -0.706255834601368], [-0.05167889756474263, 0.9986633510718382, -0.0008959757135909205], [0.7052796041567566, 0.03713201639355251, 0.7079561379909761]], [[0.7067549593890786, 0.03598490345311947, -0.7065426484667957], [-0.05172223751036931, 0.9986611259705572, -0.0008749983770466338], [0.7055651901319492, 0.03716237611763275, 0.7076699232519483]], [[0.7064828738419713, 0.036001322392212334, -0.7068138749020593], [-0.0517457737600987, 0.998659923914516, -0.00085514036388923], [0.7058359043474828, 0.03717877288299205, 0.707399049321489]], [[0.7062702956070335, 0.036004304100617404, -0.7070261378686409], [-0.051750243528396404, 0.9986597054970368, -0.0008395899854297805], [0.706048285769448, 0.037181752282834594, 0.7071869169174881]], [[0.7060699926639965, 0.03599765545339913, -0.7072265084549538], [-0.05174107687523889, 0.9986601927041674, -0.0008249071984241293], [0.7062492664940088, 0.03717510336170701, 0.7069865523945851]], [[0.7058484795962675, 0.03597721074125671, -0.707448630049546], [-0.05171241188561496, 0.9986616907502764, -0.0008086314314273667], [0.7064727527008249, 0.03715464621145558, 0.7067643043874535]], [[0.7055972857221873, 0.03593221779293864, -0.7077014526663242], [-0.05164902792606897, 0.9986649856840023, -0.0007901158672784741], [0.7067282704801366, 0.03710959570343291, 0.7065111673646377]], [[0.7055159863340223, 0.03591115429417898, -0.7077835700441583], [-0.0516193055845145, 0.9986665271592521, -0.0007841062883914337], [0.7068116017144703, 0.03708849591124585, 0.7064289087749219]], [[0.7054699854006146, 0.03589748144937276, -0.7078301141690082], [-0.05160000247217512, 0.9986675273834806, -0.0007807013876908197], [0.7068589247111471, 0.03707479703756993, 0.7063822760948101]], [[0.7054527466907378, 0.0358919971666117, -0.7078475730875599], [-0.05159225809689346, 0.9986679284937374, -0.0007794244743182895], [0.706876694403648, 0.0370693018202315, 0.7063647823692748]], [[0.7054357242678194, 0.035886376948531015, -0.7078648224599862],