{"b2imat": [[[1.0, 0.0, -2.220446049250313e-16], [0.0, 1.0, 0.0], [2.220446049250313e-16, 0.0, 1.0]], [[1.0, 0.0, -2.220446049250313e-16], [0.0, 1.0, 0.0], [2.220446049250313e-16, 0.0, 1.0]], [[1.0, 0.0, -2.220446049250313e-16], [0.0, 1.0, 0.0], [2.220446049250313e-16, 0.0, 1.0]], [[1.0, 0.0, -2.220446049250313e-16], [0.0, 1.0, 0.0], [2.220446049250313e-16, 0.0, 1.0]], [[1.0, 0.0, -2.220446049250313e-16], [0.0, 1.0, 0.0], [2.220446049250313e-16, 0.0, 1.0]], [[1.0, 0.0, -2.220446049250313e-16], [0.0, 1.0, 0.0], [2.220446049250313e-16, 0.0, 1.0]], [[1.0, 0.0, -2.220446049250313e-16], [0.0, 1.0, 0.0], [2.220446049250313e-16, 0.0, 1.0]], [[1.0, 0.0, -2.220446049250313e-16], [0.0, 1.0, 0.0], [2.220446049250313e-16, 0.0, 1.0]], [[1.0, 0.0, -2.220446049250313e-16], [0.0, 1.0, 0.0], [2.220446049250313e-16, 0.0, 1.0]], [[1.0, 0.0, -2.220446049250313e-16], [0.0, 1.0, 0.0], [2.220446049250313e-16, 0.0, 1.0]], [[1.0, 0.0, -2.220446049250313e-16], [0.0, 1.0, 0.0], [2.220446049250313e-16, 0.0, 1.0]], [[1.0, 0.0, -2.220446049250313e-16], [0.0, 1.0, 0.0], [2.220446049250313e-16, 0.0, 1.0]], [[1.0, 0.0, -2.220446049250313e-16], [0.0, 1.0, 0.0], [2.220446049250313e-16, 0.0, 1.0]], [[1.0, 0.0, -2.220446049250313e-16], [0.0, 1.0, 0.0], [2.220446049250313e-16, 0.0, 1.0]], [[1.0, 0.0, -2.220446049250313e-16], [0.0, 1.0, 0.0], [2.220446049250313e-16, 0.0, 1.0]], [[1.0, 0.0, -2.220446049250313e-16], [0.0, 1.0, 0.0], [2.220446049250313e-16, 0.0, 1.0]], [[1.0, 0.0, -2.220446049250313e-16], [0.0, 1.0, 0.0], [2.220446049250313e-16, 0.0, 1.0]], [[1.0, 0.0, -2.220446049250313e-16], [0.0, 1.0, 0.0], [2.220446049250313e-16, 0.0, 1.0]], [[1.0, 0.0, -2.220446049250313e-16], [0.0, 1.0, 0.0], [2.220446049250313e-16, 0.0, 1.0]], [[1.0, 0.0, -2.220446049250313e-16], [0.0, 1.0, 0.0], [2.220446049250313e-16, 0.0, 1.0]], [[1.0, 0.0, -2.220446049250313e-16], [0.0, 1.0, 0.0], [2.220446049250313e-16, 0.0, 1.0]], [[1.0, 0.0, -2.220446049250313e-16], [0.0, 1.0, 0.0], [2.220446049250313e-16, 0.0, 1.0]], [[1.0, 0.0, -2.220446049250313e-16], [0.0, 1.0, 0.0], [2.220446049250313e-16, 0.0, 1.0]], [[1.0, 0.0, -2.220446049250313e-16], [0.0, 1.0, 0.0], [2.220446049250313e-16, 0.0, 1.0]], [[1.0, 0.0, -2.220446049250313e-16], [0.0, 1.0, 0.0], [2.220446049250313e-16, 0.0, 1.0]], [[1.0, 0.0, -2.220446049250313e-16], [0.0, 1.0, 0.0], [2.220446049250313e-16, 0.0, 1.0]], [[1.0, 0.0, -2.220446049250313e-16], [0.0, 1.0, 0.0], [2.220446049250313e-16, 0.0, 1.0]], [[1.0, 0.0, -2.220446049250313e-16], [0.0, 1.0, 0.0], [2.220446049250313e-16, 0.0, 1.0]], [[1.0, 0.0, -2.220446049250313e-16], [0.0, 1.0, 0.0], [2.220446049250313e-16, 0.0, 1.0]], [[1.0, -8.205387761636353e-25, -2.2203593675213134e-16], [8.205387761636353e-25, 1.0, -2.5289115123193402e-45], [2.2203593675213134e-16, -1.8219873729038178e-40, 1.0]], [[1.0, -3.1499075868094424e-24, -2.2201132929691644e-16], [3.1499075868094424e-24, 1.0, 4.632237891188696e-44], [2.2201132929691644e-16, -6.99373663283872e-40, 1.0]], [[1.0, -1.093641199637423e-22, -2.2088928238552263e-16], [1.093641199637423e-22, 1.0, 6.316932887496303e-41], [2.2088928238552263e-16, -2.4220543476787064e-38, 1.0]], [[1.0, -9.463572498254038e-21, -1.2207157948909691e-16], [9.463572498254038e-21, 1.0, 4.730508193109154e-37], [1.2207157948909691e-16, -1.6282840739622795e-36, 1.0]], [[1.0, -9.322261078575696e-19, 9.62582668576284e-15], [9.322261078575696e-19, 1.0, 4.5902057997891e-33], [-9.62582668576284e-15, 4.383241146152212e-33, 1.0]], [[1.0, -8.068310051903142e-17, 8.519799876145355e-13], [8.068310051903142e-17, 1.0, 3.4378067009016316e-29], [-8.519799876145355e-13, 3.4362319970770526e-29, 1.0]], [[1.0, -4.475526597602068e-15, 4.7223794780163304e-11], [4.475526597602068e-15, 1.0, 1.05651374991297e-25], [-4.7223794780163304e-11, 1.0569997458163318e-25, 1.0]], [[1.0, -4.215406499575764e-13, 4.4030422131897506e-09], [4.215406499575764e-13, 1.0, 9.25936106862186e-22], [-4.4030422131897506e-09, 9.301251695509123e-22, 1.0]], [[0.999999999999995, -9.975241950317349e-12, 9.98784897888874e-08], [9.97524195031735e-12, 1.0, 4.928875521598886e-19], [-9.98784897888874e-08, 5.034245518931347e-19, 0.999999999999995]], [[0.9999999999995006, -1.1178002291546069e-10, 9.993154247258316e-07], [1.1178002291546256e-10, 1.0, 5.4065577591037024e-17], [-9.993154247258316e-07, 5.763792367272011e-17, 0.9999999999995006]], [[0.9999999999777702, -9.55842689521048e-10, 6.66778548994717e-06], [9.558426895226298e-10, 1.0, 2.9494496600441165e-15], [-6.66778548994717e-06, 3.423904368323158e-15, 0.9999999999777702]], [[0.9999999976525681, -2.0673541370502613e-08, 6.851907189348514e-05], [2.0673541378776253e-08, 0.9999999999999998, 5.875166944296359e-13], [-6.851907189348514e-05, 8.290151722957766e-13, 0.9999999976525683]], [[0.9999999955285692, -3.344115663346833e-08, 9.456669764257858e-05], [3.344115666128694e-08, 0.9999999999999994, 1.2870406994557012e-12], [-9.456669764257857e-05, 1.8753790544689708e-12, 0.9999999955285698]], [[0.9999999951214902, -3.573009633626006e-08, 9.877762047106635e-05], [3.573009636905526e-08, 0.9999999999999993, 1.4326565001875271e-12], [-9.877762047106634e-05, 2.0966774027029964e-12, 0.9999999951214907]], [[0.9999999950085451, -3.635861231283947e-08, 9.991450522184851e-05], [3.6358612347084367e-08, 0.9999999999999993, 1.4736343537805031e-12], [-9.99145052218485e-05, 2.1591184141511313e-12, 0.9999999950085458]], [[0.9999999948936706, -3.69951150391047e-08, 0.0001010576918723998], [3.699511507485466e-08, 0.9999999999999993, 1.5155624251838688e-12], [-0.00010105769187239979, 2.223078519937856e-12, 0.9999999948936714]], [[0.9999999947643801, -3.770828503850783e-08, 0.00010232906816954064], [3.7708285075988594e-08, 0.9999999999999993, 1.5630499014116112e-12], [-0.00010232906816954063, 2.295603778233361e-12, 0.9999999947643808]], [[0.9999999933338841, -4.5401020338269957e-08, 0.00011546527385229053], [4.5401020397485726e-08, 0.999999999999999, 2.1082757066529744e-12], [-0.00011546527385229053, 3.133965558130028e-12, 0.9999999933338852]], [[0.9999999916511739, -5.408160225421726e-08, 0.00012921938280845605], [5.408160234499397e-08, 0.9999999999999986, 2.7916947306006336e-12], [-0.00012921938280845602, 4.19669656637729e-12, 0.9999999916511755]], [[0.9999999844983024, -8.834909408109148e-08, 0.0001760777866242004], [8.83490943764578e-08, 0.9999999999999961, 6.100679716149706e-12], [-0.00017607778662420025, 9.455633364241078e-12, 0.9999999844983064]], [[0.9999999440461182, -2.558937860839112e-07, 0.0003345260746684427], [2.5589378958479407e-07, 0.9999999999999672, 3.2336371130039675e-11], [-0.0003345260746684399, 5.326677563783348e-11, 0.9999999440461511]], [[0.9999998070105514, -7.55187638013017e-07, 0.000621271510206261], [7.55187677323539e-07, 0.9999999999997148, 1.7131401301171558e-10], [-0.0006212715102062128, 2.9786260881360467e-10, 0.9999998070108367]], [[0.9999997282445219, -1.0281454906456985e-06, 0.0007372311883188393], [1.0281455678151785e-06, 0.9999999999994714, 2.743158036439339e-10], [-0.0007372311883187314, 4.836652496128347e-10, 0.9999997282450506]], [[0.9999996871525031, -1.1686408150781602e-06, 0.0007910079203326687], [1.1686409170057965e-06, 0.9999999999993171, 3.33344260446198e-10], [-0.0007910079203325178, 5.910600652010328e-10, 0.9999996871531861]], [[0.9999996753532227, -1.2087981157849812e-06, 0.0008057865647530379], [1.2087982254570893e-06, 0.9999999999992694, 3.5091110779223257e-10], [-0.000805786564752873, 6.231223756854592e-10, 0.9999996753539534]], [[0.99999966716853, -1.2366101679555009e-06, 0.0008158806897582162], [1.2366102831662813e-06, 0.9999999999992354, 3.6325297934692705e-10], [-0.0008158806897580411, 6.456735923317721e-10, 0.9999996671692947]], [[0.9999996629265345, -1.2510112598449281e-06, 0.0008210634884484256], [1.2510113779800364e-06, 0.9999999999992175, 3.6969936716220363e-10], [-0.0008210634884482452, 6.574605235314713e-10, 0.9999996629273171]], [[0.9999996590733494, -1.2640846378162172e-06, 0.0008257430513049027], [1.2640847586394132e-06, 0.9999999999992011, 3.755841182608735e-10], [-0.0008257430513047173, 6.682252154775599e-10, 0.9999996590741485]], [[0.999999654945486, -1.2780819444611159e-06, 0.0008307269558849069], [1.2780820681976103e-06, 0.9999999999991833, 3.8191904730961736e-10], [-0.0008307269558847161, 6.798183103430279e-10, 0.9999996549463028]], [[0.9999996510928936, -1.2911384824927568e-06, 0.0008353516768561984], [1.291138608979624e-06, 0.9999999999991666, 3.8785998851431186e-10], [-0.0008353516768560025, 6.906949488625703e-10, 0.9999996510937271]], [[0.9999996476998545, -1.3026318157093161e-06, 0.0008394036394186791], [1.3026319446435524e-06, 0.9999999999991517, 3.931149039742928e-10], [-0.0008394036394184786, 7.003192296618417e-10, 0.999999647700703]], [[0.9999996442830242, -1.3142003721438022e-06, 0.0008434643428345565], [1.3142005035663013e-06, 0.9999999999991366, 3.9842797900079367e-10], [-0.0008434643428343512, 7.100534268050631e-10, 0.999999644283888]], [[0.9999996407418666, -1.3261842812049821e-06, 0.0008476522746128355], [1.3261844152314196e-06, 0.9999999999991207, 4.039568381863279e-10], [-0.0008476522746126253, 7.201865430503251e-10, 0.9999996407427462]], [[0.9999996371752983, -1.338248527977001e-06, 0.0008518494472339984], [1.3382486646519266e-06, 0.9999999999991046, 4.0954836411901253e-10], [-0.0008518494472337833, 7.304381697054983e-10, 0.9999996371761938]], [[0.9999996335920508, -1.3503635700280031e-06, 0.0008560455247352734], [1.3503637093899458e-06, 0.9999999999990883, 4.1518916026017154e-10], [-0.0008560455247350532, 7.407838020414911e-10, 0.9999996335929626]], [[0.9999996299832993, -1.3625592389822188e-06, 0.0008602507818267881], [1.362559381076792e-06, 0.9999999999990717, 4.2089341290361284e-10], [-0.0008602507818265627, 7.512495156755817e-10, 0.9999996299842276]], [[0.9999996262496137, -1.3751712988545477e-06, 0.0008645800954610818], [1.3751714438043377e-06, 0.9999999999990544, 4.2681964207703664e-10], [-0.000864580095460851, 7.621263755915452e-10, 0.9999996262505594]], [[0.999999622488783, -1.3878691681947636e-06, 0.0008689190783647754], [1.3878693160493036e-06, 0.9999999999990369, 4.3281401677099486e-10], [-0.0008689190783645389, 7.731322735983311e-10, 0.9999996224897463]], [[0.9999996186985807, -1.4006603327071259e-06, 0.0008732701362979961], [1.4006604835183248e-06, 0.999999999999019, 4.388805253796767e-10], [-0.0008732701362977539, 7.842746133002228e-10, 0.9999996186995618]], [[0.9999996150927426, -1.4128239218192514e-06, 0.0008773895201933807], [1.4128240754705258e-06, 0.9999999999990019, 4.4467542122715767e-10], [-0.0008773895201931329, 7.949217876112482e-10, 0.9999996150937408]], [[0.9999996114966685, -1.4249494306446713e-06, 0.0008814785766917732], [1.4249495871547833e-06, 0.9999999999989847, 4.5047731441349344e-10], [-0.0008814785766915198, 8.055853945260401e-10, 0.9999996114976839]], [[0.9999996077211748, -1.437674480880666e-06, 0.0008857513359475097], [1.4376746404206835e-06, 0.9999999999989665, 4.565929489411192e-10], [-0.0008857513359472503, 8.168294635659703e-10, 0.9999996077222084]], [[0.9999996039192584, -1.450483048598368e-06, 0.0008900332701729534], [1.4504832112189302e-06, 0.999999999998948, 4.62776382280534e-10], [-0.000890033270172688, 8.282021168132977e-10, 0.9999996039203105]], [[0.9999995986862629, -1.4681039654550575e-06, 0.0008958934966686741], [1.4681041323640276e-06, 0.9999999999989222, 4.713281256578173e-10], [-0.0008958934966684002, 8.439370080948406e-10, 0.9999995986873408]], [[0.9999995915139647, -1.4922386358136128e-06, 0.0009038637489172725], [1.4922388086911832e-06, 0.9999999999988864, 4.831253408883048e-10], [-0.0009038637489169867, 8.656554203499754e-10, 0.9999995915150782]], [[0.9999995774266858, -1.5395889128700446e-06, 0.0009193171808976094], [1.539589097776928e-06, 0.9999999999988146, 5.065504790670775e-10], [-0.0009193171808972993, 9.088204440814844e-10, 0.9999995774278712]], [[0.9999995426997399, -1.656034475174855e-06, 0.0009563459458216416], [1.6560346914703935e-06, 0.9999999999986285, 5.657024919962189e-10], [-0.0009563459458212667, 1.018039830012236e-09, 0.9999995427011114]], [[0.999999461178593, -1.9280688793496273e-06, 0.0010380938328228271], [1.928069179047392e-06, 0.999999999998141, 7.120585586907301e-10], [-0.00103809383282227, 1.2894585489918519e-09, 0.9999994611804519]], [[0.9999992512414506, -2.622699243166322e-06, 0.0012237277716174088], [2.622699820699116e-06, 0.9999999999965605, 1.1327904208097263e-09], [-0.0012237277716161707, 2.07668103456794e-09, 0.9999992512448901]], [[0.9999989327605049, -3.667412581695992e-06, 0.001460980629829287], [3.6674137556652765e-06, 0.9999999999932748, 1.8754628226210055e-09], [-0.0014609806298263397, 3.482559637534321e-09, 0.9999989327672301]], [[0.9999987263930833, -4.341395054123171e-06, 0.0015959929081971217], [4.341396728266307e-06, 0.9999999999905759, 2.415454874840912e-09], [-0.0015959929081925674, 4.513386591472987e-09, 0.9999987264025074]], [[0.9999987059803478, -4.407986665940838e-06, 0.001608731860511734], [4.407988394450158e-06, 0.9999999999902845, 2.471183395882105e-09], [-0.0016087318605069977, 4.620091172786359e-09, 0.9999987059900632]], [[0.9999986913548208, -4.455692352331588e-06, 0.0016177975127072987], [4.455694120336761e-06, 0.9999999999900732, 2.511360781084358e-09], [-0.0016177975127024292, 4.69705337065182e-09, 0.9999986913647476]], [[0.9999986766120439, -4.5037752079231545e-06, 0.001626884715122791], [4.503777016199852e-06, 0.9999999999898578, 2.552068898501787e-09], [-0.0016268847151177847, 4.775060466842977e-09, 0.9999986766221861]], [[0.9999986611741037, -4.554119871342437e-06, 0.0016363463140248245], [4.554121722283802e-06, 0.9999999999896297, 2.59491983200997e-09], [-0.0016363463140196728, 4.857203936006038e-09, 0.999998661184474]], [[0.9999986449073849, -4.607161523701875e-06, 0.0016462570174038094], [4.6071634201456765e-06, 0.9999999999893868, 2.6403170231898316e-09], [-0.0016462570173985018, 4.9442616654158765e-09, 0.9999986449179982]], [[0.999998583251605, -4.80815676591165e-06, 0.001683291912869495], [4.808158839927401e-06, 0.9999999999884406, 2.814651428535501e-09], [-0.0016832919128635705, 5.27888745014983e-09, 0.9999985832631644]], [[0.9999984655152077, -5.191798620994098e-06, 0.0017518391121116555], [5.191801056581867e-06, 0.9999999999865223, 3.1573002241307613e-09], [-0.001751839112104437, 5.937904773911874e-09, 0.9999984655286852]], [[0.9999981944022729, -6.074716570825899e-06, 0.001900303999728274], [6.07471995175577e-06, 0.9999999999815486, 3.992760410596428e-09], [-0.0019003039997174658, 7.551061420260082e-09, 0.9999981944207241]], [[0.9999975931310979, -8.032959915294828e-06, 0.0021940071745926116], [8.032965958949866e-06, 0.9999999999677355, 6.057583535624389e-09], [-0.0021940071745704835, 1.1566815991325232e-08, 0.9999975931633623]], [[0.9999957914500831, -1.3924722291111993e-05, 0.0029011873816543023], [1.39247410809215e-05, 0.9999999999030504, 1.3722591194309917e-08], [-0.0029011873815641153, 2.6675749674260205e-08, 0.9999957915470326]], [[0.9999924187035024, -2.5085450221815112e-05, 0.003893829251374793], [2.5085512674862884e-05, 0.9999999996853577, 3.280055709028581e-08], [-0.0038938292509724456, 6.487839461333525e-08, 0.9999924190181444]], [[0.9999919384679441, -2.6687839573096043e-05, 0.004015256764177414], [2.6687910387009767e-05, 0.9999999996438768, 3.594341176001905e-08], [-0.004015256763706739, 7.121569069590685e-08, 0.9999919388240669]], [[0.999991678000651, -2.7558197371796898e-05, 0.004079604145949029], [2.7558272946500846e-05, 0.9999999996202698, 3.76886470797561e-08], [-0.00407960414543851, 7.47385111266383e-08, 0.9999916783803807]], [[0.9999915477392043, -2.7993795639970183e-05, 0.004111406875713661], [2.7993873655336583e-05, 0.9999999996081704, 3.857199990277825e-08], [-0.004111406875182466, 7.652253073599284e-08, 0.9999915481310333]], [[0.9999914160697809, -2.843432069572838e-05, 0.004143305231732626], [2.8434401218677682e-05, 0.9999999995957413, 3.9471982536404715e-08], [-0.004143305231180017, 7.834075961262891e-08, 0.999991416474039]], [[0.9999910996538844, -2.9493835897567917e-05, 0.0042189741796004425], [2.949392261337289e-05, 0.999999999565053, 4.1663560581609145e-08], [-0.00421897417899423, 8.277090819321256e-08, 0.9999911000888307]], [[0.9999905029915784, -3.149507197259065e-05, 0.004358088423825476], [3.149517100872428e-05, 0.9999999995040257, 4.590502313466599e-08], [-0.004358088423109758, 9.135415299900782e-08, 0.999990503487552]], [[0.999989020148282, -3.64863316704448e-05, 0.00468596325487732], [3.648646497801442e-05, 0.999999999334367, 5.703931176735002e-08], [-0.004685963253839343, 1.1393554869692728e-07, 0.9999890208139139]], [[0.9999833882710216, -5.5635219680248905e-05, 0.0057636869041599], [5.563553110720363e-05, 0.9999999984523379, 1.0630162866648713e-07], [-0.0057636869011537745, 2.143659192269334e-07, 0.9999833898186806]], [[0.9999754260815008, -8.307279970899178e-05, 0.007010016549931806], [8.307349388376568e-05, 0.9999999965493785, 1.9215073629242701e-07], [-0.007010016541705393, 3.902005525917681e-07, 0.9999754295321123]], [[0.9999751246457645, -8.411748637806445e-05, 0.007052872743475324], [8.411819806766897e-05, 0.999999996462045, 1.9573340061881675e-07], [-0.00705287273498718, 3.9754641470238637e-07, 0.9999751281837093]], [[0.999974848547266, -8.507466617931435e-05, 0.007091899264156292], [8.507539410513429e-05, 0.9999999963810686, 1.9903498368888583e-07], [-0.0070918992554240305, 4.0431614718391315e-07, 0.9999748521661869]], [[0.9999742499190342, -8.715096392448777e-05, 0.007175785920292786], [8.715172768880503e-05, 0.9999999962022666, 2.062587662710859e-07], [-0.007175785911016716, 4.191286853891695e-07, 0.9999742537167562]], [[0.9999727830758944, -9.224388374753486e-05, 0.007377302929620943], [9.224473900452917e-05, 0.9999999957454286, 2.2433247271259372e-07], [-0.007377302918926981, 4.5619101622932516e-07, 0.9999727873304524]], [[0.9999698027883466, -0.00010261174713563001, 0.0077706487672502085], [0.00010261280434605347, 0.9999999947352715, 2.6263829261793745e-07], [-0.007770648753289627, 5.347376999237056e-07, 0.9999698080530566]], [[0.9999611046281932, -0.00013297769107318153, 0.008818817817410153], [0.00013297946017816684, 0.9999999911581569, 3.8576653509979475e-07], [-0.008818817790733893, 7.869701022049727e-07, 0.999961113469996]], [[0.9999554651863581, -0.00015270987168891398, 0.009436329987265006], [0.0001527121989502497, 0.9999999883393795, 4.7390959192083804e-07], [-0.009436329949602215, 9.671542159334801e-07, 0.9999554768469178]], [[0.9999516948633913, -0.00016590693965323479, 0.00982753350123572], [0.00016590968195938125, 0.9999999862368446, 5.362179942301666e-07], [-0.009827533454940135, 1.0942908654920256e-06, 0.9999517086264689]], [[0.9999501702823702, -0.0001712428205100513, 0.009981364042786545], [0.00017124574009613733, 0.9999999853372898, 5.621506119135812e-07], [-0.009981363992696952, 1.1471434725721739e-06, 0.9999501849449948]], [[0.9999498086166787, -0.00017250850503354884, 0.010017509085733373], [0.00017251146746955805, 0.9999999851197349, 5.683634684852892e-07], [-0.010017509034717712, 1.159800251236461e-06, 0.9999498234968563]], [[0.9999494453345352, -0.00017377979501000446, 0.010053684684613888], [0.0001737828007938075, 0.9999999848996035, 5.746274716218858e-07], [-0.010053684632657907, 1.1725590612712602e-06, 0.9999494604348422]], [[0.9999490303753372, -0.000175231857788435, 0.010094847458897252], [0.00017523491346157428, 0.9999999846461929, 5.818110848559075e-07], [-0.010094847405854748, 1.1871882907079081e-06, 0.9999490457290526]], [[0.9999481995754654, -0.00017813882221432215, 0.010176759422555545], [0.0001781419789732544, 0.9999999841325394, 5.962845679306921e-07], [-0.010176759367297646, 1.2166543829353713e-06, 0.9999482154428297]], [[0.9999464069800622, -0.00018440977783572887, 0.01035128787624988], [0.00018441315814831673, 0.9999999829956959, 6.279228045132651e-07], [-0.010351287816028539, 1.2810245359312827e-06, 0.9999464239842596]], [[0.9999409376119484, -0.00020352740726234652, 0.010866455923231204], [0.00020353151530154673, 0.9999999792871958, 7.278180273130215e-07], [-0.010866455846287346, 1.48389119937405e-06, 0.9999409583246096]], [[0.9999397179132496, -0.000207786651359298, 0.010978040092731981], [0.00020779093098815732, 0.9999999784111822, 7.507675441733326e-07], [-0.010978040011728548, 1.5304148849585865e-06, 0.9999397395019155]], [[0.9999395648659807, -0.000208320976936509, 0.010991961517543064], [0.00020832527833435815, 0.9999999783000046, 7.536641835164819e-07], [-0.01099196143602161, 1.5362848068657633e-06, 0.9999395865658228]], [[0.9999394736088999, -0.00020863956295869796, 0.011000254010169224], [0.00020864387736181368, 0.9999999782335803, 7.553931447534379e-07], [-0.011000253928337976, 1.539788225117619e-06, 0.9999394953751657]], [[0.9999394096077019, -0.0002088629860032033, 0.011006066038915747], [0.0002088673095382518, 0.9999999781869366, 7.566065116907865e-07], [-0.011006065956866828, 1.5422467335468248e-06, 0.9999394314206108]], [[0.9999393455569925, -0.00020908657155241175, 0.011011879488013647], [0.00020909090423540462, 0.9999999781402091, 7.578214746929209e-07], [-0.01101187940574656, 1.5447083300302003e-06, 0.9999393674166285]], [[0.9999392911015853, -0.00020927665409479349, 0.011016819620034092], [0.00020928099456233554, 0.9999999781004442, 7.588549435803042e-07], [-0.011016819537581261, 1.54680209266556e-06, 0.9999393130009859]], [[0.9999392393602592, -0.00020945725596276227, 0.01102151147907449], [0.00020946160383286338, 0.999999978062629, 7.598373438415948e-07], [-0.011021511396444951, 1.5487922954343693e-06, 0.9999392612974746]], [[0.9999391476757804, -0.00020977726212803336, 0.011029820439753252], [0.00020978162312965787, 0.9999999779955446, 7.615791873479522e-07], [-0.01102982035681006, 1.5523207911993855e-06, 0.9999391696800795]], [[0.9999390589417921, -0.00021008695051190487, 0.01103785604523914], [0.000210091324239951, 0.9999999779305258, 7.632662566261499e-07], [-0.011037855961991742, 1.5557380509450587e-06, 0.9999390810111094]], [[0.9999389746973167, -0.00021038095241651095, 0.011045479669656152], [0.0002103853382430047, 0.9999999778687115, 7.648691323318044e-07], [-0.011045479586119353, 1.5589845203989468e-06, 0.9999389968284477]], [[0.9999385570212953, -0.00021183833639008994, 0.011083199298398749], [0.00021184278242883478, 0.9999999775610184, 7.728327496016842e-07], [-0.01108319921341865, 1.5751105131341917e-06, 0.999938579460116]], [[0.9999381455148034, -0.00021327380202697626, 0.011120236449834653], [0.00021327830776243724, 0.9999999772558763, 7.807058584308021e-07], [-0.011120236363418726, 1.591047643670668e-06, 0.999938168258763]], [[0.9999375500812531, -0.00021535021452143708, 0.0111736100605721], [0.0002153548072943101, 0.9999999768108391, 7.921453769631635e-07], [-0.011173609972054134, 1.6141947338311322e-06, 0.9999375732702451]], [[0.9999371117003147, -0.00021687848574062537, 0.011212743114592163], [0.00021688314309287153, 0.99999997648053, 8.00603286329557e-07], [-0.011212743024508016, 1.631302031639144e-06, 0.9999371352196124]], [[0.9999366708422331, -0.00021841501966908612, 0.011251959821725398], [0.0002184197423935458, 0.99999997614608, 8.09139381547614e-07], [-0.011251959730050245, 1.648562026255324e-06, 0.9999366946959771]], [[0.9999361209687483, -0.0002203310130721092, 0.01130068299778692], [0.0002203358179368154, 0.999999975725727, 8.198288121408865e-07], [-0.01130068290410477, 1.6701687892950689e-06, 0.9999361452428408]], [[0.9999349869180367, -0.0002242809377349408, 0.011400510308126726], [0.0002242859141241648, 0.9999999748475592, 8.420226657990086e-07], [-0.011400510210225699, 1.715005952633343e-06, 0.9999350120702872]], [[0.9999329618764321, -0.00023132961349141948, 0.011576624708208015], [0.0002313349033034631, 0.9999999732416914, 8.821444987492044e-07], [-0.011576624602503265, 1.7959919960201022e-06, 0.9999329886345321]], [[0.9999323708594035, -0.00023338584769481738, 0.011627520739067757], [0.00023339123071313678, 0.9999999727638663, 8.939716162720807e-07], [-0.011627520631019371, 1.8198502176972065e-06, 0.999932398095323]], [[0.9999317754324811, -0.00023545704295823813, 0.011678571848732234], [0.00023546252067254013, 0.9999999722782895, 9.059401442962802e-07], [-0.011678571738292233, 1.8439876284397372e-06, 0.9999318031539718]], [[0.9999310715255564, -0.00023790512779187813, 0.01173863701210127], [0.0002379107184847717, 0.9999999716988208, 9.201576791771333e-07], [-0.01173863689879423, 1.8726533114725027e-06, 0.9999310998265089]], [[0.9999292712974327, -0.0002441640456032302, 0.011890869879999896], [0.0002441699303265001, 0.9999999701900639, 9.568535109983503e-07], [-0.011890869759163048, 1.9466070361336887e-06, 0.9999293011071241]], [[0.9999283058358878, -0.00024751964975584415, 0.011971713419278439], [0.0002475256951894355, 0.9999999693650372, 9.767299848295394e-07], [-0.011971713294285306, 1.9866467277294812e-06, 0.9999283364705958]], [[0.9999279882948463, -0.0002486231663441732, 0.01199818366011567], [0.0002486292650974117, 0.9999999690912599, 9.83297122108586e-07], [-0.011998183533737373, 1.999873272715788e-06, 0.9999280192033282]], [[0.9999276695146431, -0.0002497309210150718, 0.012024698477748704], [0.00024973707352618653, 0.9999999688152061, 9.899046400072416e-07], [-0.012024698349970758, 2.013179968147185e-06, 0.9999277006991754]], [[0.9999273487173787, -0.00025084561785377376, 0.012051322064764664], [0.0002508518246958083, 0.9999999685361834, 9.965688538144945e-07], [-0.012051321935569008, 2.026599678137634e-06, 0.9999273801809302]], [[0.9999270067539778, -0.0002520337901262754, 0.012079637535863219], [0.00025204005514133283, 0.9999999682374006, 1.0036891761576027e-06], [-0.012079637405146119, 2.0409365970032487e-06, 0.9999270385163085]], [[0.9999262942992498, -0.00025450902662376817, 0.012138418106334183], [0.0002545154136913621, 0.9999999676104323, 1.0185780204859491e-06], [-0.012138417972413369, 2.0709115604167906e-06, 0.9999263266885409]], [[0.9999248275502095, -0.000259603938734605, 0.012258542102449787], [0.00025961058070890264, 0.9999999663006214, 1.049459262519859e-06], [-0.012258541961788294, 2.1330668617689864e-06, 0.9999248612492947]], [[0.9999238142758895, -0.00026312297724022827, 0.012340843174356419], [0.00026312979817055365, 0.99999996538078, 1.070971779186521e-06], [-0.012340843028923337, 2.1763533873004426e-06, 0.9999238488948041]], [[0.9999227885867266, -0.0002666845942225989, 0.01242359626962008], [0.0002666915986815794, 0.9999999644371972, 1.0928954801479896e-06], [-0.012423596119260562, 2.2204576543796343e-06, 0.9999228241492116]], [[0.999921807319345, -0.000270091467794151, 0.012502251709693277], [0.0002700986500745332, 0.9999999635227379, 1.1140077191368225e-06], [-0.012502251554529343, 2.262920697796742e-06, 0.9999218437962772]], [[0.9999196501101384, -0.00027757943106676764, 0.012673447568705446], [0.00027758701196971643, 0.9999999614720503, 1.160890771344523e-06], [-0.012673447402662893, 2.357186948056441e-06, 0.9999196886377305]], [[0.9999187730144559, -0.0002806232802328863, 0.012742394745046471], [0.00028063102623601227, 0.9999999606224159, 1.1801360120638734e-06], [-0.012742394574455387, 2.3958711608371817e-06, 0.9999188123916707]], [[0.9999178869241303, -0.00028369793942898205, 0.012811671423364175], [0.0002837058539991269, 0.9999999597547733, 1.1996852068354793e-06], [-0.012811671248103772, 2.4351594853321736e-06, 0.9999179271689757]], [[0.9999165165179993, -0.000288452301759324, 0.01291807995710689], [0.0002884604805376801, 0.9999999583945176, 1.2301290775713415e-06], [-0.012918079774477502, 2.496329169942092e-06, 0.9999165581230811]], [[0.9999151100189991, -0.00029333077203684413, 0.0130263852526274], [0.00029333922640332875, 0.9999999569752518, 1.2616373667952097e-06], [-0.013026385062247514, 2.559619506417841e-06, 0.9999151530433265]], [[0.9999146409281476, -0.0002949575595662448, 0.01306230674767725], [0.000294966106840248, 0.9999999564966872, 1.2722046568540847e-06], [-0.01306230655467001, 2.580841705073592e-06, 0.9999146844310327]], [[0.9999141693456655, -0.00029659284948747796, 0.013098319527643376], [0.0002966014906631246, 0.9999999560129534, 1.2828575524286688e-06], [-0.013098319331973361, 2.602233653158916e-06, 0.9999142133322771]], [[0.9999137295364025, -0.00029811783225185725, 0.013131816719676018], [0.0002981265614544407, 0.9999999555594394, 1.2928192589760923e-06], [-0.013131816521503196, 2.6222356374311733e-06, 0.9999137739765215]], [[0.9999131424395353, -0.0003001533177524153, 0.013176398775019017], [0.00030016216514042095, 0.9999999549504827, 1.3061568592573508e-06], [-0.013176398573475925, 2.649012975407829e-06, 0.999913187488602]], [[0.9999119485319355, -0.00030429190834050653, 0.013266596756567927], [0.00030430099845961335, 0.9999999536995605, 1.3334197169541527e-06], [-0.013266596548067494, 2.7037363317976617e-06, 0.9999119948319057]], [[0.9999106884205388, -0.00030865886661483633, 0.01336113438549519], [0.0003086682163954739, 0.9999999523610363, 1.362396379271991e-06], [-0.013361134169500315, 2.761882818295034e-06, 0.9999107360590129]], [[0.999910197400178, -0.00031036018424052776, 0.013397791299019107], [0.00031036963616483485, 0.9999999518343992, 1.3737433903003396e-06], [-0.013397791080061689, 2.784647586320052e-06, 0.9999102455652813]], [[0.9999098273478785, -0.0003116422371073266, 0.013425351103446193], [0.00031165176636733556, 0.9999999514356311, 1.3823155499794056e-06], [-0.013425350882240398, 2.8018434825739724e-06, 0.9999098759117437]], [[0.9999094741578396, -0.00031286576612624074, 0.013451602298760927], [0.00031287536948324424, 0.9999999510535331, 1.3905135775601995e-06], [-0.013451602075396614, 2.818287339222431e-06, 0.999909523103797]], [[0.9999090349405685, -0.0003143871675795868, 0.013484176093810207], [0.0003143968634698353, 0.9999999505763234, 1.4007308137346809e-06], [-0.013484175867744438, 2.838779274199406e-06, 0.9999090843637283]], [[0.99990820517929, -0.00031726091955152307, 0.013545499645228418], [0.0003172707914269625, 0.9999999496686124, 1.4201005719687857e-06], [-0.013545499414007036, 2.8776211786273725e-06, 0.9999082555101467]], [[0.9999065478533147, -0.00032299895197962237, 0.013667158876043042], [0.00032300917993954186, 0.9999999478314686, 1.4590516686634177e-06], [-0.013667158634319592, 2.9557024635047394e-06, 0.9999066000212863]], [[0.9999060258795744, -0.0003248055996986549, 0.013705251221236055], [0.0003248159410675254, 0.9999999472462179, 1.4713913989749944e-06], [-0.013705250976148381, 2.980430946733669e-06, 0.9999060786327875]], [[0.9999055009973952, -0.0003266220401779987, 0.013743449100934562], [0.0003266324961949437, 0.9999999466545034, 1.4838345308442115e-06], [-0.013743448852436503, 3.0053627762088967e-06, 0.9999055543423132]], [[0.9999049778202274, -0.0003284322997759228, 0.013781417291191516], [0.00032844287067350305, 0.999999946061519, 1.4962717075354016e-06], [-0.013781417039266755, 3.0302787285356763e-06, 0.9999050317581203]], [[0.9999041450295012, -0.00033131326655974283, 0.013841639510564267], [0.00033132402156726146, 0.9999999451110451, 1.5161398575067303e-06], [-0.013841639253128384, 3.0700731397625386e-06, 0.9999041999178527]], [[0.9999025260648343, -0.0003369117423634089, 0.0139579676042056], [0.0003369228596423756, 0.9999999432402822, 1.5550111312684817e-06], [-0.013957967335856802, 3.147898801793799e-06, 0.999902582823918]], [[0.9999015312386272, -0.0003403503991413904, 0.014028969607678932], [0.0003403617418738745, 0.9999999420756934, 1.5790576724747423e-06], [-0.014028969332493499, 3.1960223477471502e-06, 0.9999015891622803]], [[0.9999006184799374, -0.0003435043220411705, 0.014093798927835242], [0.00034351587352534973, 0.9999999409971381, 1.6012274529157219e-06], [-0.014093798646289315, 3.240375329491959e-06, 0.9999006774821277]], [[0.9998995437710683, -0.0003472164837517456, 0.014169749719803412], [0.0003472282833452513, 0.999999939714933, 1.627461239932952e-06], [-0.014169749430660464, 3.292840119328622e-06, 0.999899604055442]], [[0.9998973757588657, -0.00035470031115845393, 0.014321736564465518], [0.0003547126188586807, 0.9999999370880639, 1.6808086165131819e-06], [-0.014321736259640677, 3.3994645585847464e-06, 0.9998974386700633]], [[0.9998966832026952, -0.0003570895699193715, 0.014369948061392693], [0.00035710204206087343, 0.9999999362376216, 1.6979691791684213e-06], [-0.014369947751457708, 3.4337440466045932e-06, 0.9998967469643203]], [[0.9998960262238745, -0.00035935543848673813, 0.014415533475138673], [0.0003593680675711881, 0.9999999354258239, 1.7143011401937312e-06], [-0.01441553316031091, 3.46635951014107e-06, 0.999896090797283]], [[0.9998948526559126, -0.00036340135918585024, 0.014496605522056321], [0.0003634142709117091, 0.999999933963511, 1.7436027863671867e-06], [-0.014496605198379009, 3.5248538753311776e-06, 0.9998949186916083]], [[0.999892515117696, -0.000371453628894978, 0.014656747040491825], [0.0003714671123043359, 0.9999999310044648, 1.8024504873436954e-06], [-0.014656746698768491, 3.6422427477448933e-06, 0.9998925841123848]], [[0.999891917122718, -0.00037351213582933253, 0.014697433835170498], [0.00037352576734167125, 0.9999999302375957, 1.817607789868796e-06], [-0.014697433488740742, 3.6724589136498817e-06, 0.9998919868842621]], [[0.9998913156739123, -0.000375581917734618, 0.01473824202931916], [0.0003755956989634581, 0.9999999294622527, 1.8328945763674908e-06], [-0.014738241678118824, 3.7029249470425504e-06, 0.9998913862107853]], [[0.9998903957789002, -0.00037874636210932187, 0.01480043851737617], [0.00037876037379088346, 0.9999999282685635, 1.8563562247348866e-06], [-0.014800438158807617, 3.74966686485707e-06, 0.9998904675094404]], [[0.9998892383872298, -0.0003827256591577816, 0.014878322434818516], [0.0003827399633002383, 0.9999999267532785, 1.886013686903422e-06], [-0.014878322066856003, 3.8087237936892712e-06, 0.999889311633027]], [[0.9998881730921676, -0.000386386151589501, 0.014949649365395888], [0.000386400727382733, 0.999999925345405, 1.9134468705252707e-06], [-0.014949648988665238, 3.863322493230826e-06, 0.9998882477458121]], [[0.9998873870599193, -0.00038908569909133404, 0.015002060218679397], [0.00038910047682984267, 0.9999999242985363, 1.933771454995525e-06], [-0.015002059835404294, 3.903755097215115e-06, 0.9998874627604127]], [[0.9998866599477564, -0.00039158184113850325, 0.01505037946965141], [0.00039159680681975274, 0.9999999233240606, 1.9526349118026534e-06], [-0.015050379080265795, 3.941266941684801e-06, 0.9998867366227071]], [[0.999885613739798, -0.0003951716183404983, 0.01511963212444845], [0.00039518685635098964, 0.9999999219117108, 1.979881359914887e-06], [-0.01511963172617516, 3.995424999757217e-06, 0.9998856918270715]], [[0.9998833093829417, -0.0004030706518215187, 0.015271056003606618], [0.0004030864975502901, 0.9999999187585525, 2.040326307818878e-06], [-0.015271055585359572, 4.1154682575085876e-06, 0.9998833906233126]], [[0.9998826918560438, -0.0004051855950448399, 0.015311379798840535], [0.00040520160546513923, 0.9999999179037108, 2.056624820602215e-06], [-0.015311379375147816, 4.147812114618473e-06, 0.9998827739512397]], [[0.9998820708789256, -0.0004073115443481929, 0.015351821786882809], [0.0004073277211578411, 0.9999999170399111, 2.0730568877758577e-06], [-0.015351821357674303, 4.180410170076609e-06, 0.9998821538379041]], [[0.9998813173277136, -0.0004098902632639972, 0.01540075481810617], [0.0004099066430302405, 0.9999999159860775, 2.093054102304039e-06], [-0.01540075438215084, 4.220066014575249e-06, 0.9998814013405048]], [[0.9998798751708824, -0.00041482201537276764, 0.015493971439088108], [0.0004148387867398944, 0.9999999139521146, 2.1314984872853167e-06], [-0.015493970990057122, 4.296257872183604e-06, 0.9998799612175961]], [[0.9998783068367174, -0.0004201800211886106, 0.015594709554460469], [0.00042019722313378264, 0.9999999117147802, 2.1735633042585184e-06], [-0.015594709090965978, 4.379554853901214e-06, 0.9998783951207205]], [[0.9998770236658845, -0.00042455965050071284, 0.01567664805226198], [0.00042457720836500704, 0.9999999098646545, 2.208177181329996e-06], [-0.015676647576744817, 4.448041838758423e-06, 0.9998771137999757]], [[0.9998757260911106, -0.00042898455851556034, 0.015759071864228133], [0.00042900247959732366, 0.9999999079759152, 2.2433590437693013e-06], [-0.01575907137638035, 4.5176006531378625e-06, 0.9998758181139024]], [[0.9998733650357756, -0.00043702582000348965, 0.015907950856925958], [0.0004370444104508813, 0.9999999044934236, 2.3078344521265194e-06], [-0.01590795034619527, 4.644938804157033e-06, 0.9998734605409865]], [[0.9998713285254539, -0.0004439508336648626, 0.01603525180345274], [0.0004439700101637871, 0.9999999014425157, 2.3639181177047034e-06], [-0.016035251272522075, 4.75555695728648e-06, 0.9998714270815082]], [[0.9998692971827319, -0.0004508479303599299, 0.016161227906708417], [0.00045086769936957205, 0.9999998983562244, 2.4202890535635293e-06], [-0.0161612273552025, 4.866602930322801e-06, 0.9998693988250114]], [[0.9998683275078848, -0.00045413659015671116, 0.016221017432388393], [0.0004541566447826, 0.9999998968678705, 2.4473480428797532e-06], [-0.016221016870910612, 4.919857057593182e-06, 0.9998684306384859]], [[0.9998673501031002, -0.00045744900123728595, 0.016281060721428958], [0.00045746934556176524, 0.999999895357831, 2.4747201228434074e-06], [-0.016281060149801692, 4.973694341812692e-06, 0.999867454743708]], [[0.9998663329847332, -0.0004608933464749753, 0.016343308752667304], [0.0004609139941850704, 0.9999998937760057, 2.5033076526471146e-06], [-0.0163433081703736, 5.0298866724102975e-06, 0.9998664392071315]], [[0.9998640937548887, -0.0004684665452973827, 0.01647951937437013], [0.0004684878677673333, 0.9999998902562588, 2.5666128244188595e-06], [-0.016479518768218255, 5.154190887825359e-06, 0.9998642034969559]], [[0.9998600091813096, -0.00048224575382653674, 0.01672511521585685], [0.0004822683310999907, 0.9999998837050211, 2.6833765690801408e-06], [-0.016725114564856876, 5.382992481610204e-06, 0.9998601254744663]], [[0.9998584642614375, -0.0004874454444697467, 0.01681706994983327], [0.00048746850432879126, 0.9999998811835005, 2.7279686245536403e-06], [-0.016817069281423756, 5.470209416139538e-06, 0.999858583076057]], [[0.9998571848703489, -0.0004917463553137816, 0.016892840159731876], [0.0004917698180955665, 0.9999998790773926, 2.7650723532439747e-06], [-0.01689283947671984, 5.5427114733927055e-06, 0.9998573057910274]], [[0.9998558929496566, -0.0004960846557939909, 0.016969008039907495], [0.000496108528441528, 0.9999998769342286, 2.802699957128078e-06], [-0.016969007341979866, 5.616173539487938e-06, 0.999856016013449]], [[0.9998533174734506, -0.0005047188234016891, 0.017119836338110775], [0.0005047435220439993, 0.9999998726128382, 2.8781886164714717e-06], [-0.017119835609939377, 5.763360053622776e-06, 0.9998534448585313]], [[0.9998508826251592, -0.0005128637544820329, 0.017261213296251646], [0.0005128892448367572, 0.9999998684679507, 2.950133583035519e-06], [-0.017261212538865468, 5.903396985621726e-06, 0.999851014155028]], [[0.9998484879361067, -0.0005208572572706852, 0.01739913444967536], [0.0005208835364238082, 0.9999998643355967, 3.0214333300145745e-06], [-0.01739913366296764, 6.041947136446599e-06, 0.999848623598229]], [[0.9998473013166614, -0.0005248118664425739, 0.017467072516406102], [0.0005248385401563637, 0.9999998622675711, 3.0569608384100484e-06], [-0.017467071714953097, 6.110898795802131e-06, 0.9998474390467585]], [[0.9998461045827014, -0.0005287958967469001, 0.017535322229619833], [0.0005288229708464908, 0.9999998601683396, 3.0929223350671433e-06], [-0.017535321413151245, 6.1806348477255714e-06, 0.9998462444119781]], [[0.9998440306243406, -0.000535690023095246, 0.017652973151034226], [0.0005357177968863306, 0.9999998564982318, 3.155553814263263e-06], [-0.017652972308200055, 6.3019502404618234e-06, 0.9998441741236337]], [[0.9998418899798757, -0.0005427920823913256, 0.01777358765766745], [0.0005428205860468913, 0.9999998526677084, 3.2206073708480904e-06], [-0.017773586787164227, 6.4277711079401685e-06, 0