{"b2imat": [[[1.0, 0.0, 0.0], [0.0, 1.0, 0.0], [0.0, 0.0, 1.0]], [[1.0, 0.0, 0.0], [0.0, 1.0, 0.0], [0.0, 0.0, 1.0]], [[1.0, 0.0, 0.0], [0.0, 1.0, 0.0], [0.0, 0.0, 1.0]], [[1.0, 0.0, 0.0], [0.0, 1.0, 0.0], [0.0, 0.0, 1.0]], [[1.0, 0.0, 0.0], [0.0, 1.0, 0.0], [0.0, 0.0, 1.0]], [[1.0, 0.0, 0.0], [0.0, 1.0, 0.0], [0.0, 0.0, 1.0]], [[1.0, 0.0, 0.0], [0.0, 1.0, 0.0], [0.0, 0.0, 1.0]], [[1.0, 0.0, 0.0], [0.0, 1.0, 0.0], [0.0, 0.0, 1.0]], [[1.0, 0.0, 0.0], [0.0, 1.0, 0.0], [0.0, 0.0, 1.0]], [[1.0, 0.0, 0.0], [0.0, 1.0, 0.0], [0.0, 0.0, 1.0]], [[1.0, 0.0, 0.0], [0.0, 1.0, 0.0], [0.0, 0.0, 1.0]], [[1.0, 0.0, 0.0], [0.0, 1.0, 0.0], [0.0, 0.0, 1.0]], [[1.0, 0.0, 0.0], [0.0, 1.0, 0.0], [0.0, 0.0, 1.0]], [[1.0, 0.0, 0.0], [0.0, 1.0, 0.0], [0.0, 0.0, 1.0]], [[1.0, 0.0, 0.0], [0.0, 1.0, 0.0], [0.0, 0.0, 1.0]], [[1.0, 0.0, 0.0], [0.0, 1.0, 0.0], [0.0, 0.0, 1.0]], [[1.0, 0.0, 0.0], [0.0, 1.0, 0.0], [0.0, 0.0, 1.0]], [[1.0, 0.0, 0.0], [0.0, 1.0, 0.0], [0.0, 0.0, 1.0]], [[1.0, 0.0, 0.0], [0.0, 1.0, 0.0], [0.0, 0.0, 1.0]], [[1.0, 0.0, 0.0], [0.0, 1.0, 0.0], [0.0, 0.0, 1.0]], [[1.0, 0.0, 0.0], [0.0, 1.0, 0.0], [0.0, 0.0, 1.0]], [[1.0, 0.0, 0.0], [0.0, 1.0, 0.0], [0.0, 0.0, 1.0]], [[1.0, 0.0, 0.0], [0.0, 1.0, 0.0], [0.0, 0.0, 1.0]], [[1.0, 0.0, 0.0], [0.0, 1.0, 0.0], [0.0, 0.0, 1.0]], [[1.0, 0.0, 0.0], [0.0, 1.0, 0.0], [0.0, 0.0, 1.0]], [[1.0, 0.0, 0.0], [0.0, 1.0, 0.0], [0.0, 0.0, 1.0]], [[1.0, 0.0, 0.0], [0.0, 1.0, 0.0], [0.0, 0.0, 1.0]], [[1.0, 0.0, 0.0], [0.0, 1.0, 0.0], [0.0, 0.0, 1.0]], [[1.0, 0.0, 0.0], [0.0, 1.0, 0.0], [0.0, 0.0, 1.0]], [[1.0, 4.095674439929843e-22, -4.09469533098589e-22], [-4.095674439929843e-22, 1.0, -5.962851527102303e-44], [4.09469533098589e-22, -5.962851527101253e-44, 1.0]], [[1.0, 1.5831726827029449e-21, -1.5827942105961739e-21], [-1.5831726827029449e-21, 1.0, 1.1094370679749601e-42], [1.5827942105961739e-21, 1.1094370679750418e-42, 1.0]], [[1.0, 5.529662921482645e-20, -5.52834100429332e-20], [-5.529662921482645e-20, 1.0, 1.528349632227072e-39], [5.52834100429332e-20, 1.5283496322275695e-39, 1.0]], [[1.0, 4.790171666700087e-18, -4.789026531713474e-18], [-4.790171666700087e-18, 1.0, 1.1470129458143076e-35], [4.789026531713474e-18, 1.1470129458184624e-35, 1.0]], [[1.0, 4.719130269160095e-16, -4.718002116901048e-16], [-4.719130269160095e-16, 1.0, 1.1132433299702836e-31], [4.718002116901048e-16, 1.1132433300098042e-31, 1.0]], [[1.0, 4.187495740180819e-14, -4.186494676997319e-14], [-4.187495740180819e-14, 1.0, 8.765464311638804e-28], [4.186494676997319e-14, 8.765464314577052e-28, 1.0]], [[1.0, 3.297905374853061e-12, -3.297116955486922e-12], [-3.297905374853061e-12, 1.0, 5.436789856425356e-24], [3.297116955486922e-12, 5.436789872594512e-24, 1.0]], [[1.0, 1.3982344512337074e-10, -1.3979001226485873e-10], [-1.3982344512337074e-10, 1.0, 9.772960459722346e-21], [1.3979001226485873e-10, 9.772960648988629e-21, 1.0]], [[0.9999999999999999, 1.1097851318640565e-08, -1.109519348636379e-08], [-1.1097851318640565e-08, 0.9999999999999999, 6.156639851584047e-17], [1.1095193486363789e-08, 6.156640914737118e-17, 0.9999999999999999]], [[0.9999999999988142, 1.0891041986945673e-06, -1.0888391592552745e-06], [-1.089104198694567e-06, 0.9999999999994069, 5.929291379762698e-13], [1.0888391592552745e-06, 5.929301610497914e-13, 0.9999999999994071]], [[0.9999999998964705, 1.0176230285236083e-05, -1.0173662364301278e-05], [-1.0176230285236085e-05, 0.9999999999482222, 5.176462639441731e-11], [1.0173662364301278e-05, 5.1764904692189174e-11, 0.9999999999482482]], [[0.9999999929584735, 8.392548596835455e-05, -8.390212060975954e-05], [-8.392548596835701e-05, 0.9999999964782564, 3.520734571553935e-09], [8.390212060975722e-05, 3.520791699126203e-09, 0.999999996480217]], [[0.9999989597573593, 0.0010201219447589552, -0.0010197232049890417], [-0.001020121944776468, 0.9999994796753376, 5.201041055862508e-07], [0.001019723204971521, 5.201384557320802e-07, 0.9999994800820214]], [[0.9999930673958719, 0.002633639430303725, -0.002632319042835585], [-0.0026336394308414395, 0.9999965319596528, 3.4660973552418846e-06], [0.002632319042297602, 3.466505901309529e-06, 0.9999965354362189]], [[0.999991646870584, 0.0028909181494489998, -0.0028894257747058005], [-0.002890918150203233, 0.9999958212786719, 4.176303120494063e-06], [0.0028894257739511798, 4.176825182172294e-06, 0.9999958255919117]], [[0.9999911071015976, 0.002982867257075842, -0.002981311899972289], [-0.0029828672579209413, 0.9999955512316799, 4.446165132371216e-06], [0.0029813118991267504, 4.4467320607048745e-06, 0.9999955558699173]], [[0.9999908947188285, 0.003018278783443999, -0.003016698960664077], [-0.0030182787843261306, 0.999995444975853, 4.552347547181923e-06], [0.003016698959781485, 4.552932376597432e-06, 0.999995449742975]], [[0.9999906856588759, 0.003052735208220821, -0.0030511314682664633], [-0.0030527352091401067, 0.9999953403821712, 4.656868627228592e-06], [0.003051131467346696, 4.657471211030629e-06, 0.9999953452767043]], [[0.999990438530126, 0.0030929710575714853, -0.0030913392502766074], [-0.003092971058535585, 0.9999952167421485, 4.780422401772571e-06], [0.0030913392493120005, 4.781046141016723e-06, 0.9999952217879771]], [[0.9999901862639563, 0.003133510631721911, -0.0031318503948936437], [-0.003133510632732751, 0.9999950905314677, 4.906544573210531e-06], [0.003131850393882269, 4.90719009255417e-06, 0.9999950957324881]], [[0.9999899798857577, 0.0031662900288978303, -0.003164606694675024], [-0.0031662900299476533, 0.9999949872786098, 5.009724675706792e-06], [0.0031646066936246438, 5.010388150065782e-06, 0.9999949926071475]], [[0.9999897701027813, 0.0031992660914231005, -0.003197559422418809], [-0.003199266092513234, 0.9999948823220588, 5.114606956289197e-06], [0.003197559421328095, 5.115288806258852e-06, 0.9999948877807222]], [[0.9999893705019033, 0.003261157690403482, -0.0032594069587301047], [-0.0032611576915723014, 0.9999946823969946, 5.3143896854595205e-06], [0.003259406957560659, 5.315106878966367e-06, 0.9999946881049083]], [[0.9999889698366847, 0.003322056901252603, -0.0033202624757678327], [-0.0033220569025028076, 0.9999944819385369, 5.514704317084644e-06], [0.003320262474516954, 5.5154573884540765e-06, 0.9999944878981475]], [[0.9999885178583108, 0.003389442632446081, -0.0033875994711978956], [-0.003389442633791069, 0.9999942558063397, 5.740672965141898e-06], [0.003387599469852178, 5.741467025668584e-06, 0.9999942620519707]], [[0.99998772630629, 0.0035043358925982864, -0.0035024087033494002], [-0.0035043358941168096, 0.9999938597772908, 6.136412364187197e-06], [0.0035024087018300436, 6.137279488976931e-06, 0.9999938665289989]], [[0.9999862093027782, 0.0037146118455260446, -0.0037125278577265232], [-0.00371461184740366, 0.9999931007818417, 6.894841777828111e-06], [0.003712527855847856, 6.895853272678186e-06, 0.9999931085209363]], [[0.9999802767547658, 0.0044423919065967885, -0.004439735983967662], [-0.004442391910203573, 0.9999901324797554, 9.860808474833478e-06], [0.0044397359803587215, 9.862433232636433e-06, 0.99999014427501]], [[0.9999516128285928, 0.006958483772645492, -0.006953524651383605], [-0.006958483791346686, 0.9999757891659796, 2.419089016507793e-05], [0.006953524632669078, 2.419626894555094e-05, 0.9999758236626127]], [[0.9997696265057363, 0.015184990811170345, -0.015169376073512344], [-0.015184991152640345, 0.9998846947427554, 0.00011516417827485808], [0.015169375731690858, 0.00011520919405964433, 0.99988493176298]], [[0.9992063694456977, 0.028186710101344256, -0.028144993015631843], [-0.02818671381170352, 0.9996025969386845, 0.00039668306395009066], [0.02814498929977256, 0.000396946619694344, 0.9996037725069955]], [[0.9977975393839006, 0.04695645709822362, -0.046852551028492284], [-0.046956488635311114, 0.9988963294326597, 0.0011005552317453838], [0.04685251942144298, 0.001101899976882673, 0.9989012099507878]], [[0.9973180235281377, 0.05181659376036377, -0.051689462743039316], [-0.05181664382917875, 0.9986557163397047, 0.0013400168387274402], [0.05168941255103077, 0.0013419515347530945, 0.9986623071874954]], [[0.9971680926977863, 0.053245345263440116, -0.05311052734531878], [-0.05324540248922099, 0.9985804550703881, 0.0014148731371818523], [0.053110469974211906, 0.0014170250564728122, 0.9985876376262383]], [[0.9970926219145047, 0.05395024903529635, -0.053811466755235064], [-0.05395031015260619, 0.9985425650083543, 0.0014525500993304483], [0.0538114054802313, 0.0014548183333775225, 0.9985500569048618]], [[0.9970206076374998, 0.054614407215307546, -0.05447177684207444], [-0.054614472240742895, 0.99850640648574, 0.0014884991152904214], [0.054471711646296966, 0.0014908830510201865, 0.9985142011503364]], [[0.9969751885672468, 0.05502917840797355, -0.05488408609704328], [-0.05502924600136445, 0.9984835994889173, 0.0015111707360823347], [0.05488401832487818, 0.0015136301450007785, 0.9984915890768145]], [[0.9969444055585139, 0.05530852886929379, -0.05516175179920647], [-0.05530859825041224, 0.9984681410282125, 0.0015265359664898698], [0.05516168223338793, 0.0015290476765448383, 0.9984762645287213]], [[0.9969136763312074, 0.0555859958727107, -0.05543752346828979], [-0.05558606707773296, 0.9984527088313251, 0.0015418738715280262], [0.05543745207247507, 0.0015444387475972237, 0.9984609674982344]], [[0.9968832073587632, 0.055859757155893246, -0.05570959000254227], [-0.05585983020921114, 0.9984374065845928, 0.001557081387529485], [0.0557095167522106, 0.00155969995001726, 0.9984458007724528]], [[0.9968546486614768, 0.056115146946950765, -0.05596337844329572], [-0.05611522176969064, 0.99842306303133, 0.001571335003122706], [0.05596330341754192, 0.0015740047890288073, 0.9984315856283613]], [[0.9968097847928378, 0.056514027077676075, -0.056359716876346166], [-0.056514104754736144, 0.9984005288476735, 0.0015937255953784608], [0.05635963898650275, 0.0015964776749185668, 0.998409255943267]], [[0.9967803625693723, 0.056774102461259975, -0.05661810741671645], [-0.0567741820613976, 0.9983857497343789, 0.0016084089648351664], [0.0566180275971512, 0.0016112162664897098, 0.9983946128330192]], [[0.9967530375814085, 0.05701458219471125, -0.05685700916386246], [-0.057014663618368995, 0.9983720233973744, 0.0016220452316001944], [0.05685692751443102, 0.0016249047393017187, 0.9983810141819858]], [[0.9967297643242223, 0.05721861088782891, -0.057059683489389716], [-0.0572186938938728, 0.9983603318580131, 0.0016336591608346312], [0.05705960025202944, 0.00163656385206536, 0.9983694324640956]], [[0.9967065560932895, 0.05742135155381114, -0.05726106380473456], [-0.057421436165293674, 0.9983486724856623, 0.001645240300802768], [0.05726097895627845, 0.00164819072503087, 0.9983578836054464]], [[0.9966838689383662, 0.05761885468081084, -0.057457227439053925], [-0.05761894088883928, 0.9983372744003124, 0.001656561082572718], [0.05745714098839259, 0.0016595568817056488, 0.9983465945358054]], [[0.9966556157156253, 0.057863876448635915, -0.05770056729796351], [-0.05786396468342058, 0.9983230792138446, 0.0016706588282085406], [0.05770047881331388, 0.001673712084433276, 0.9983325364994453]], [[0.996613280450001, 0.05822910515709947, -0.058063246076612264], [-0.05822919651149521, 0.9983018073445992, 0.0016917821813058431], [0.05806315446111641, 0.0016949235755417962, 0.9983114731029296]], [[0.9965127657859938, 0.05908727409068419, -0.05891520744038447], [-0.0590873732751918, 0.9982512950170654, 0.0017419291049076949], [0.05891510796603308, 0.0017452902626501792, 0.9982614707660982]], [[0.9960885707409252, 0.0625808546673318, -0.06237945070348824], [-0.06258099533688909, 0.998037976753246, 0.0019534537997905306], [0.06237930957943431, 0.0019579551093206167, 0.9980505939826029]], [[0.9954374531954929, 0.06760574815949737, -0.0673330497872566], [-0.06760601876578834, 0.9977094969895136, 0.0022772449694863773], [0.06733277808392023, 0.0022852644936539024, 0.9977279561898634]], [[0.9953494548809358, 0.06828347321896681, -0.06794725863111326], [-0.0682838881564795, 0.9976632358442366, 0.002319151585938654], [0.06794684163787282, 0.002331336741004095, 0.9976862189994923]], [[0.9957178557347991, 0.06556573009394141, -0.06516967707590496], [-0.06556629321594785, 0.9978459370168954, 0.0021324103257532594], [0.06516911052676468, 0.0021496551178244523, 0.9978719186433974]], [[0.9958048153688872, 0.06490414606186382, -0.0644997791790972], [-0.06490472959459316, 0.9978892795037125, 0.00208852311867772], [0.06449919198272804, 0.0021065793469245662, 0.9979155357834955]], [[0.9958526099747758, 0.0645374056573239, -0.06412879602397646], [-0.06453799950421274, 0.9979131148672647, 0.0020644120011442937], [0.06412819838773745, 0.002082894125581168, 0.9979394950219352]], [[0.9959005089304882, 0.06416761647599188, -0.06375494733603165], [-0.06416822011132983, 0.9979370104831952, 0.0020402540552743728], [0.06375433978776734, 0.002059151440832291, 0.9979634983578308]], [[0.9959454901705449, 0.0638182804612878, -0.06340195336070557], [-0.06381889283940334, 0.9979594572526604, 0.002017572236861703], [0.0634013369554731, 0.002036850495922816, 0.9979860328247818]], [[0.9960129379129553, 0.06329064822372207, -0.06286908110876155], [-0.06329127297840438, 0.9979931263394268, 0.001983568761784753], [0.06286845215855155, 0.0020034040233612876, 0.9980198114749715]], [[0.9963178222267698, 0.060845910351964974, -0.06040341305574308], [-0.06084658220788973, 0.9981454527092269, 0.0018299372977125979], [0.06040273627047538, 0.0018521420938477215, 0.9981723693940512]], [[0.9974947284254215, 0.050272398989405255, -0.04976899275230087], [-0.05027316348828067, 0.9987347386980879, 0.0012372303348061955], [0.04976822050876574, 0.0012679139843493814, 0.9987599894916657]], [[0.9977476465485678, 0.04769009400251852, -0.04717296595550989], [-0.04769086568363812, 0.9988615268047498, 0.001109769335667767], [0.04717218580216452, 0.0011424498523015408, 0.9988861194765118]], [[0.9978041421701247, 0.0470944679981328, -0.046572576999011156], [-0.04709524235615991, 0.9988898182634645, 0.0010812517498082076], [0.046571793950529045, 0.001114469338124929, 0.9989143236305038]], [[0.9978132900673292, 0.04699747374875348, -0.04647446183079075], [-0.04699824888617405, 0.9988943915486097, 0.0010766256150451217], [0.04647367795709345, 0.00110994698874847, 0.9989188982408359]], [[0.9978161447217865, 0.046967191612076464, -0.046443774834091275], [-0.04696796704995657, 0.9988958174134244, 0.0010751806870778063], [0.04644299064400854, 0.0011085370499168037, 0.9989203270298951]], [[0.9978187395289109, 0.04693966588683083, -0.046415846298247854], [-0.046940441634364165, 0.9988971126889662, 0.001073866456603184], [0.04641506178301097, 0.0011072562618152548, 0.9989216265609194]], [[0.9978263943884184, 0.04685855138929491, -0.04633317169933133], [-0.04685932844440819, 0.9989009252511806, 0.0010699805715445438], [0.04633238581987746, 0.0011034864666530746, 0.9989254688562701]], [[0.9978302778115092, 0.046818229814481215, -0.04629027992850189], [-0.04681900943752602, 0.9989028179906575, 0.0010679672098700055], [0.04628949140041925, 0.0011016150470129855, 0.9989274595374991]], [[0.99782300920595, 0.04689733433834576, -0.046366823347674245], [-0.04689811706687097, 0.9988991031927704, 0.0010715617621780515], [0.04636603165011078, 0.0011052877391845095, 0.9989239057285083]], [[0.9977974056698976, 0.04717212417331418, -0.04663826664460871], [-0.04717291174292625, 0.9988861499466648, 0.001084357308393293], [0.04663747004641523, 0.0011180939390280885, 0.998911255438378]], [[0.997685427486782, 0.04835212960102245, -0.04781066115186198], [-0.048352930451001266, 0.9988296618579208, 0.0011404814517443896], [0.04780985121847655, 0.001173943860660602, 0.9988557653486027]], [[0.9969558965851716, 0.05541789726425085, -0.054843385263496996], [-0.05541875460629922, 0.9984620636298727, 0.0015063599360650138], [0.05484251892681629, 0.0015375776989096487, 0.9984938327112893]], [[0.9965344830746967, 0.05911442802300396, -0.05851929957590142], [-0.05911531405687522, 0.998249683015267, 0.0017175547355639449], [0.058518404517707207, 0.0017477842621133036, 0.9982847998305762]], [[0.9963129537420158, 0.060968003095868015, -0.06036058966458275], [-0.060968905588095486, 0.9981379910146709, 0.00182850621552259], [0.06035967807687344, 0.0018583546738320268, 0.9981749625041999]], [[0.9962151405458696, 0.061768850523544416, -0.06115556256357521], [-0.06176976095881628, 0.9980886592407493, 0.0018774760951143416], [0.06115464298447029, 0.0019071943787413994, 0.9981264810839066]], [[0.9961194745757176, 0.06254231441380957, -0.061922946143207744], [-0.06254323319897855, 0.9980403984659519, 0.0019253574565703806], [0.06192201815435764, 0.0019549752128463866, 0.9980790758900354]], [[0.9956867980199198, 0.06593017863262653, -0.06527642585779359], [-0.065931149194035, 0.9978218763188453, 0.0021416570623140393], [0.06527544556149693, 0.0021713301200224494, 0.9978649214804751]], [[0.995423110349772, 0.06792026061007356, -0.06722848770153605], [-0.0679213013681699, 0.9976880929585102, 0.002272878947658268], [0.06722743621788742, 0.0023037701529811114, 0.997735017152147]], [[0.99537143135884, 0.06831399572488497, -0.06759372456991208], [-0.06831509888675312, 0.9976611484076565, 0.0022978710796390527], [0.06759260963467727, 0.0023304367632602935, 0.9977102826854365]], [[0.995440732139595, 0.06781853598256621, -0.0670700749447652], [-0.06781970781466064, 0.99769502870432, 0.0022620610368317947], [0.0670688900150367, 0.0022969252019495383, 0.9977457031307022]], [[0.9955809468578418, 0.06678692613435293, -0.06601579151759004], [-0.06678815637434099, 0.997764773195267, 0.0021907825604873745], [0.06601454688389512, 0.002227971641860425, 0.9978161733160512]], [[0.9956699923079074, 0.06612115155197985, -0.06533957233971781], [-0.06612240901929639, 0.9978092118312826, 0.0021456466700395306], [0.06533829980633074, 0.0021840539346767354, 0.9978607801070443]], [[0.9957697461586885, 0.06536619450044175, -0.06457455559364662], [-0.0653674780392658, 0.9978590597956054, 0.002095134394163436], [0.06457325629370587, 0.002134804411556351, 0.9979106859688207]], [[0.9959953206407575, 0.06362325183769713, -0.06281244355889375], [-0.06362458358917432, 0.9979719374479376, 0.0019810146461157756], [0.06281109458802955, 0.0020233342587378128, 0.9980233827441832]], [[0.9965229984198632, 0.05933716506000771, -0.05848943871323277], [-0.05933857659823241, 0.9982364423004656, 0.001714228658104467], [0.05848800668208224, 0.0017624117678906026, 0.9982865555379828]], [[0.9968747732999895, 0.05629795227762391, -0.05541865121316503], [-0.05629941322640738, 0.9984127485470455, 0.001536097905477764], [0.05541716704507962, 0.0015887403063882027, 0.998462024059053]], [[0.9967382488534559, 0.057515662237367704, -0.05661105766187684], [-0.057517164192297514, 0.9983432287616277, 0.001604181764141135], [0.056609531666280175, 0.0016571581863790911, 0.9983950193890556]], [[0.9961748503262882, 0.062255745469712145, -0.06131793962823986], [-0.06225729890227908, 0.9980583488463494, 0.0018870678741714304], [0.06131636239727785, 0.001937639744977078, 0.9981165008393341]], [[0.9955039405258577, 0.06746748015315114, -0.06648340774574783], [-0.0674690980373862, 0.9977188866742536, 0.002223505535686448], [0.06648176587399547, 0.002272067039394232, 0.99778505326072]], [[0.9951570304377149, 0.07002591926314378, -0.06898445756913646], [-0.07002764644628749, 0.9975421729345834, 0.0023962350835209996], [0.06898270426672214, 0.0024461890228100413, 0.9976148568777673]], [[0.995320212255665, 0.06887366103042021, -0.06777974532037227], [-0.06887552534385333, 0.9976225819198459, 0.0023121514872867063], [0.06777785086616372, 0.0023670344654757145, 0.9976976295810167]], [[0.99573793422453, 0.06578049168492525, -0.0646443597255261], [-0.06578247485561858, 0.9978317772024229, 0.0021000950873259596], [0.06464234163846179, 0.002161321632089616, 0.9979061560829323]], [[0.9961124832211191, 0.06287086931665062, -0.06170230584113827], [-0.06287293097573902, 0.9980197123246611, 0.001910066499793126], [0.061700205066633644, 0.001976763740123677, 0.9980927697821605]], [[0.996213650839247, 0.062067962412705964, -0.06087634932263775], [-0.06207006931293651, 0.9980700643284932, 0.0018582730590202112], [0.06087420110690667, 0.001927362241903768, 0.9981435853151605]], [[0.9960328251510764, 0.06352730500380169, -0.06231286162634429], [-0.06352945129459013, 0.9979780612972478, 0.0019488405874819952], [0.06231067343014548, 0.0020175927198270794, 0.998054762669765]], [[0.995512222832949, 0.06753812449107399, -0.06628737372244636], [-0.06754032215335791, 0.9977140967929288, 0.0022104154939805794], [0.06628513451907349, 0.002276574941822752, 0.9977981249432902]], [[0.9950596347587679, 0.07084425359156515, -0.06955152759351309], [-0.07084651446362203, 0.9974842508909401, 0.0024373356480322074], [0.06954922462467106, 0.002502188994011382, 0.9975753828137339]], [[0.9949070940696426, 0.07194074983069523, -0.07060030216864112], [-0.07194311542434943, 0.9974055720126095, 0.0025125789163233255], [0.07059789158002377, 0.002579423108350189, 0.997501520937144]], [[0.9950890084552013, 0.07068016973042944, -0.06929775495231115], [-0.07068265654439948, 0.9974959195136944, 0.002419216625113064], [0.06929521843806605, 0.0024908135484167557, 0.9975930876568215]], [[0.9954397452787194, 0.0681589927937738, -0.06673878335518486], [-0.06816159486316407, 0.9976717777677526, 0.0022407193463484785], [0.06673612580980288, 0.002318520825870485, 0.9977679659942399]], [[0.9956805574335246, 0.06637250277442876, -0.06492240296096324], [-0.0663751832964962, 0.9977924880156978, 0.0021179926869272607], [0.06491966245386459, 0.002200392266473341, 0.9978880677167292]], [[0.9956683250514601, 0.06647537790433997, -0.0650046967809371], [-0.06647810145999035, 0.9977856246842547, 0.002123485562439584], [0.06500191149021353, 0.002207101523811674, 0.9978826986155033]], [[0.9954674829762772, 0.06798972076671747, -0.06649727956008393], [-0.06799248060767107, 0.9976833541324917, 0.0022242884248413588], [0.0664944576610982, 0.002307108200286362, 0.9977841271251108]], [[0.9952881570575394, 0.06931125714281292, -0.06780438065673032], [-0.0693140374029995, 0.9975922050460432, 0.0023144419433267795], [0.067801538491803, 0.002396258729561962, 0.9976959503340466]], [[0.9950918357020956, 0.07072963185282695, -0.0692066303106159], [-0.07073243408781457, 0.997492405824198, 0.002413106360403999], [0.06920376629201329, 0.0024938909879910678, 0.9975994282423438]], [[0.9950136868753083, 0.07128662771294603, -0.0697565740419846], [-0.07128943993675528, 0.9974526563761807, 0.0024523525122860826], [0.06975370001844161, 0.0025327827896166953, 0.997561028877827]], [[0.9949944245758, 0.07142329055667802, -0.06989140584565615], [-0.07142610544987983, 0.9974428554551856, 0.002462022117767213], [0.06988852913954087, 0.0025423726526360184, 0.9975515675025115]], [[0.9949868230911347, 0.07147715540843196, -0.06994453596731527], [-0.07147997138307516, 0.9974389872706726, 0.0024658375392377263], [0.0699416581733582, 0.0025461575789456773, 0.9975478342035812]], [[0.9949810694954563, 0.071517901185747, -0.06998472074400963], [-0.07152071799030295, 0.9974360592464231, 0.002468725249516688], [0.06998184211481415, 0.002549022595932385, 0.9975450086330611]], [[0.994975892747009, 0.071554543722076, -0.07002085480034673], [-0.07155736128205649, 0.9974334246448627, 0.002471323291309361], [0.07001797541056798, 0.002551600515214342, 0.9975424664869798]], [[0.9949721440138476, 0.07158106767687075, -0.07004700827787037], [-0.0715838857892063, 0.9974315167196826, 0.0024732045672571225], [0.07004412833177807, 0.0025534673985945218, 0.9975406256795745]], [[0.9949687393587372, 0.0716051493870026, -0.07007075183058699], [-0.07160796800496547, 0.9974297838517642, 0.002474913102093807], [0.07006787137510635, 0.002555162994980372, 0.9975389538929003]], [[0.9949580269040595, 0.07168087262997157, -0.07014540027785045], [-0.07168369286444637, 0.9974243311338873, 0.002480288425420217], [0.07014251819296001, 0.0025604984604865296, 0.9975336941576938]], [[0.9949474233057423, 0.07175575555055003, -0.07021920239213149], [-0.07175857742543973, 0.9974189332009689, 0.0024856084483351076], [0.07021631865239392, 0.0025657803596149152, 0.9975284884938188]], [[0.9949331701132414, 0.07185630232520372, -0.07031826794310317], [-0.07185912647336637, 0.997411676334924, 0.00249275840819319], [0.0703153819078998, 0.002572881293145953, 0.997521492169321]], [[0.9949191033145043, 0.07195541268021731, -0.0704158819289785], [-0.07195823915552646, 0.9974045130945385, 0.002499813497588009], [0.07041299354133593, 0.0025798906777435215, 0.9975145886127931]], [[0.9949031150058982, 0.07206791748801053, -0.07052664037408246], [-0.07207074671979422, 0.9973963696768874, 0.002507830508039784], [0.07052374919674266, 0.002587859260067436, 0.9975067437237686]], [[0.9948795786625779, 0.07223326393483355, -0.0706893168975729], [-0.07223609746919789, 0.9973843781041271, 0.0025196284456620445], [0.07068642135902262, 0.0025995935080621287, 0.9974951989557437]], [[0.9948241841435149, 0.07262121641770923, -0.0710703985577371], [-0.07262406155291785, 0.9973561332670927, 0.002547373021566167], [0.07106749122278971, 0.002627232720583286, 0.9974680492778912]], [[0.9947844221218306, 0.07289876082202765, -0.07134230271235827], [-0.07290161609510785, 0.9973358328735975, 0.002567260853321457], [0.07133938502966226, 0.002647098068294485, 0.9974485876505703]], [[0.9947493539241093, 0.07314304518697003, -0.0715808479294378], [-0.0731459113849179, 0.9973179004675081, 0.0025847719418270547], [0.07157791906160803, 0.0026646461493548645, 0.9974314518574294]], [[0.9947212134340914, 0.07333889389446006, -0.07177126283199513], [-0.07334177102717891, 0.9973034798352964, 0.0025987924590490847], [0.07176832273892841, 0.0026787575456515495, 0.9974177319959594]], [[0.9946634012428894, 0.07374296726757232, -0.07215741811106188], [-0.07374588467347903, 0.997273604160308, 0.0026273427784676605], [0.07215443647903227, 0.002707990939117036, 0.9973897954521984]], [[0.9946637227933818, 0.07375147818232967, -0.07214428602937105], [-0.07375445266732614, 0.9972729731088181, 0.0026263681545319454], [0.07214124515496964, 0.002708609212182008, 0.997390747989141]], [[0.994733339720145, 0.07328574881555676, -0.07165739216372165], [-0.07328878668560705, 0.9973073967800746, 0.0025903793436106164], [0.07165428512876108, 0.0026749466421455404, 0.9974259411474417]], [[0.9948765764671184, 0.07230738041201301, -0.07065578756886445], [-0.07231049322863899, 0.9973789935938132, 0.002517081259279983], [0.07065260184915306, 0.002604969671662814, 0.9974975809372512]], [[0.9949795214271372, 0.07159381489114587, -0.0699290897403666], [-0.07159697067228685, 0.9974305990360681, 0.0024645259879115507], [0.06992585868715184, 0.0025545581083056125, 0.9975489203595227]], [[0.9950816470062271, 0.07087816944585158, -0.0692011623409487], [-0.07088136455795052, 0.9974818356378352, 0.002412410044050854], [0.0691978896479945, 0.0025045278648560595, 0.9975998092417379]], [[0.9951509286726328, 0.07038848450717043, -0.06870291400471382], [-0.0703917060317037, 0.9975165950402531, 0.0023770428033397482], [0.06869961328785927, 0.0024705989819249407, 0.9976343314388708]], [[0.9951787045634425, 0.07019126996461525, -0.06850205534246244], [-0.07019450238791743, 0.9975305252176138, 0.0023628552277691253], [0.0684987430534303, 0.002457004491693347, 0.9976481771244519]], [[0.9952035403247657, 0.07001453474038963, -0.06832187228185506], [-0.07001777725992502, 0.9975429753129469, 0.002350162253126532], [0.06831854927170798, 0.002444855849784671, 0.9976605627647094]], [[0.9952553915813601, 0.06964459010152295, -0.06794362795570427], [-0.06964785597241199, 0.9975689334232731, 0.0023236218372561235], [0.06794028016308429, 0.0024195308615985152, 0.9976864558529824]], [[0.9953072347305929, 0.06927601302894588, -0.06755991780421865], [-0.06927931759636824, 0.9975946574940141, 0.002296842185569976], [0.06755652913139426, 0.002394441367032509, 0.997712574849577]], [[0.9953092060359642, 0.0692633934031904, -0.06754381316073724], [-0.0692667061295801, 0.9975955358144053, 0.0022957213182478483], [0.06754041592984168, 0.0023935849035526856, 0.9977136678216086]], [[0.9953073734438678, 0.06927830401723133, -0.0675555248867504], [-0.06928162398198993, 0.9975944980250768, 0.0022965364696154217], [0.06755212008994507, 0.0023945968005405667, 0.9977128730091791]], [[0.9952990173440893, 0.0693412446516097, -0.06761403586545392], [-0.06934457424666238, 0.9975901148276698, 0.0023006112033159046], [0.06761062104727576, 0.0023988704692590834, 0.9977089000970109]], [[0.9952450101469836, 0.06973845197086914, -0.06799939761642648], [-0.0697418051548349, 0.9975623605425981, 0.0023275381131270174], [0.06799595850662783, 0.002425930055215845, 0.9976826471783732]], [[0.995234367746548, 0.06981610780182207, -0.06807543117375534], [-0.06981946398392454, 0.997556915750534, 0.002332869161132508], [0.06807198900491834, 0.002431238559432489, 0.9976774495711004]], [[0.9952230013028515, 0.06989889961588912, -0.06815659536825432], [-0.06990225875329856, 0.9975511041139389, 0.0023385665463436555], [0.06815315019051507, 0.002436904757198486, 0.9976718947655224]], [[0.9952099157958, 0.06999403905103403, -0.06824996689375507], [-0.06999740134031872, 0.9975444171392008, 0.002345129262487915], [0.068246518513977, 0.002443424437296257, 0.9976654962353138]], [[0.9951861803764752, 0.07016617142253316, -0.06841911105491717], [-0.07016953890702586, 0.9975322952967896, 0.002357040673680271], [0.06841565741273486, 0.0024552431791417585, 0.9976538826629348]], [[0.9951324980415678, 0.07055359195138484, -0.0688004504801106], [-0.07055696953530849, 0.9975049025285849, 0.0023840034973046558], [0.06879698666004302, 0.0024819519419495423, 0.9976275931086559]], [[0.9950246287540788, 0.07132497371645023, -0.06956102557549683], [-0.071328367965893, 0.9974499079956163, 0.002438227655930811], [0.06955754508383206, 0.002535577869194967, 0.9975747183832869]], [[0.9949759083972527, 0.07167049461580552, -0.06990194484094996], [-0.07167389559605247, 0.9974250787205569, 0.0024627262577246], [0.06989845764469704, 0.002559791410099457, 0.9975508273153522]], [[0.9949270644423693, 0.07201518170576082, -0.07024208158885427], [-0.07201858920372366, 0.9974001885901795, 0.00248728780461852], [0.0702385879068922, 0.0025840656739112336, 0.9975268735047457]], [[0.9948434009633716, 0.07260175026502785, -0.07082085427362624], [-0.07260516876200718, 0.9973575546528192, 0.002529355102135877], [0.07081734964422243, 0.0026256478533747602, 0.997485843986486]], [[0.9946847869785784, 0.0737012085033832, -0.07190484267753104], [-0.07370464908318868, 0.9972767005405938, 0.0026090714122468466], [0.07190131597449091, 0.002704517564048188, 0.997408084154423]], [[0.9945358804621012, 0.07471956238160214, -0.07290658031299573], [-0.074723028692288, 0.9972007150527694, 0.002683816785944703], [0.07290302763592774, 0.0027786484113973275, 0.9973351631549123]], [[0.9944392345922237, 0.07537425032258792, -0.07354815479602823], [-0.07537773946890103, 0.9971513081180288, 0.002732233940619982], [0.07354457884950504, 0.002826853031017588, 0.9972879242297605]], [[0.9943967959434492, 0.07566048521160958, -0.0738275231665418], [-0.07566398742185527, 0.9971295700705475, 0.0027534504887781045], [0.07382393383441235, 0.0028480624494514155, 0.9972672236287579]], [[0.9943596825169615, 0.07591039736879567, -0.07407046198073367], [-0.07591391370199391, 0.9971105224089556, 0.0027719666357030118], [0.07406685812948935, 0.0028666468038683274, 0.9972491578605833]], [[0.9942972288261628, 0.07633131198142272, -0.07447517399622693], [-0.07633486465603376, 0.9970782977768646, 0.002802950513048022], [0.07447153260487177, 0.002898086408597378, 0.9972189287801172]], [[0.9942845062086823, 0.07641766245751012, -0.07455643204879993], [-0.07642122759762339, 0.9970716646266585, 0.0028091924711627623], [0.07455277773355884, 0.002904557522454225, 0.9972128393018834]], [[0.9942753147311921, 0.07648060764502632, -0.07461444332297035], [-0.07648418533851858, 0.9970668246113684, 0.0028136530968402617], [0.07461077597272567, 0.002909279102660572, 0.9972084878271771]], [[0.9942690742487205, 0.07652415719398295, -0.07465293926097845], [-0.07652774822522451, 0.9970634736171533, 0.002816615223336267], [0.07464925804138514, 0.0029125479384371, 0.9972055983241829]], [[0.9942666148945044, 0.07654597896013705, -0.07466332160584505], [-0.07654960192200838, 0.9970617937786931, 0.0028174143537077903], [0.07465960710963827, 0.002914186523907445, 0.9972048187678663]], [[0.9942844220114686, 0.07643560695698952, -0.07453915827534523], [-0.07643927140005824, 0.9970702852315695, 0.002807861696805738], [0.07453540041556427, 0.00290590581406568, 0.9972141343698484]], [[0.9942975205365904, 0.07635200290104072, -0.07445006574710775], [-0.07635568466787286, 0.9970767090442993, 0.002801016160866413], [0.0744462897372963, 0.002899642328977496, 0.9972208090535563]], [[0.9943124736857292, 0.07625584353780375, -0.07434884653620799], [-0.07625954164088, 0.9970840887632891, 0.002793248117804438], [0.07434505339058821, 0.0028924475217685427, 0.9972283824552926]], [[0.9943774781611567, 0.07583342454001621, -0.0739102335969165], [-0.0758371768879431, 0.9971163957310147, 0.002759702393354922], [0.07390638341499219, 0.0028609575617611163, 0.9972610798597626]], [[0.9944578949320291, 0.0753048963601243, -0.07336666663756763], [-0.07530870090755712, 0.997156562381274, 0.0027183926904335645], [0.07336276137750715, 0.0028218212908876343, 0.9973013298689537]], [[0.994541915377826, 0.07474737604243464, -0.07279566136340546], [-0.07475122790697003, 0.9971986244560673, 0.0026753131723890006], [0.07279170601768353, 0.0027808539955330325, 0.9973432881294209]], [[0.9945786543516655, 0.0745020558043463, -0.07254477218184592], [-0.07450592712441836, 0.9972170324909295, 0.00265648725917773], [0.07254079619993581, 0.002762929994924597, 0.997361619020522]], [[0.9946152242264272, 0.0742569812497397, -0.072294235279511], [-0.07426087150906753, 0.9972353609994278, 0.0026377502341367524], [0.0722902391868166, 0.0027450863853806084, 0.9973798603389603]], [[0.9947275102734638, 0.07349930245848922, -0.0715194576687419], [-0.0735032503921548, 0.9972916397590861, 0.002580201477475182], [0.07151540022193503, 0.002690315222265705, 0.9974358674751052]], [[0.9948284132723266, 0.07281291103036888, -0.07081460382793768], [-0.07281691694666616, 0.997342119823142, 0.00252836395846867], [0.07081048463614982, 0.002641212829593639, 0.9974862902572128]], [[0.9948479090452105, 0.07268008600591942, -0.07067703268038446], [-0.07268410589819929, 0.9973518330497344, 0.0025183036665006485], [0.07067289862536581, 0.002631767799974451, 0.9974960727686351]], [[0.9948624393928107, 0.07258127817484124, -0.07057396634632201], [-0.072585310247974, 0.997359047042455, 0.0025107787664162043], [0.07056981935325286, 0.0026247537633673156, 0.9975033890944157]], [[0.9948786134133916, 0.07247200521626392, -0.07045816499555299], [-0.07247605527907051, 0.9973670135488095, 0.002502336339592657], [0.07045399893399787, 0.0026170089622736454, 0.9975115965686885]], [[0.9948874356910588, 0.07241490025493562, -0.07039227590507738], [-0.07241897318087813, 0.9973711719399019, 0.0024975383673393366], [0.0703880857067158, 0.002612966808110486, 0.9975162604116877]], [[0.9948856106810039, 0.07242994280679124, -0.07040259247250998], [-0.07243402738874372, 0.9973700768608885, 0.002498289413665299], [0.07039839002485777, 0.0026140311314420436, 0.9975155304624916]], [[0.9948790782627294, 0.07247775533792213, -0.07044568544799451], [-0.07248185111141879, 0.9973665946426531, 0.0025014279166389614], [0.07044147128306949, 0.002617415393058935, 0.9975124802481676]], [[0.9948562556446504, 0.07264054052492583, -0.07060015905727196], [-0.07264465493641431, 0.9973547214831118, 0.0025126949190239934], [0.07059592549031911, 0.002628953943475952, 0.9975015307737842]], [[0.9948334784943899, 0.07280127925885162, -0.07075537991549818], [-0.07280540531218846, 0.997342971179517, 0.0025240418742977395], [0.07075113430920837, 0.0026403727641146715, 0.9974905039228901]], [[0.9948078638778499, 0.07298104020701944, -0.07093011856080578], [-0.07298517637262854, 0.9973297992311002, 0.0025368458273562515], [0.07092586255100997, 0.0026531730438142265, 0.9974780612549377]], [[0.9947109442367201, 0.07365509500114167, -0.07158955495060809], [-0.0736592582186068, 0.9972801156681976, 0.0025854521371912946], [0.07158527136456105, 0.0027014559862190536, 0.9974308251953775]], [[0.9945840033168669, 0.0745268171385666, -0.07244593746615291], [-0.07453100565613589, 0.9972151777197569, 0.0026492475311654905], [0.07244162839169213, 0.002764569368751496, 0.9973688222632991]], [[0.9943097877984205, 0.07637422310176249, -0.07426320701276073], [-0.07637845685002664, 0.9970750037987247, 0.0027871347694517997], [0.07425885266704878, 0.0029008337802123546, 0.997234780758607]], [[0.9940359162657773, 0.07817714002748756, -0.07603244000302373], [-0.07818142744219707, 0.9969348578277794, 0.0029246610547813178], [0.07602803140152431, 0.0030371065689780174, 0.9971010552675438]], [[0.9939919123720286, 0.07846345035788758, -0.0763122865531294], [-0.0784677493678725, 0.9969122976417519, 0.0029467119070769464], [0.07630786610941404, 0.00305904558020019, 0.9970796115660564]], [[0.9939506765473881, 0.07873104695709122, -0.07657332967857546], [-0.07873535830032388, 0.9968911365592792, 0.0029673547390993], [0.07656889659870396, 0.0030796243069924293, 0.9970595368274338]], [[0.9939103093282928, 0.07899243830839126, -0.07682767524184435], [-0.07899676361345212, 0.9968703957665956, 0.002987536448462365], [0.07682322781276221, 0.0030997944334150906, 0.9970399104016102]], [[0.9938519201824906, 0.07936983945804534, -0.07719319475196311], [-0.07937419008317366, 0.996840327089562, 0.0030166583987270654], [0.07718872119844003, 0.003129035580245065, 0.9970115899260344]], [[0.9938135151345319, 0.07961803303964197, -0.07743168558722067], [-0.07962240609187461, 0.9968204736805105, 0.0030357356246330683], [0.07742718880419346, 0.003148342031053138, 0.9969930382741332]], [[0.993785635919783, 0.07979865914741584, -0.07760337505431862], [-0.07980305429795462, 0.9968059856482563, 0.0030495068134685508], [0.07759885531542521, 0.0031624302942845905, 0.9969796470736609]], [[0.9937617699253745, 0.07995445904130455, -0.07774849899666], [-0.07995888242301527, 0.9967934622271363, 0.003061172027259986], [0.07774394985131383, 0.0031746073669687677, 0.9969683044712776]], [[0.9937481393227575, 0.08004553649250849, -0.07782896415999593], [-0.08004998989336175, 0.9967861298357097, 0.0030676499963017845], [0.07782438366388784, 0.003181736327484964, 0.9969620062229204]], [[0.99374464342212, 0.0800735893594074, -0.07784474252625324], [-0.08007807982778423, 0.9967838696755705, 0.003068921140991161], [0.07784012322043542, 0.00318393357023059, 0.9969607704292079]], [[0.993746372422067, 0.08006476636165963, -0.07783174459993411], [-0.08006926998477269, 0.9967845806119596, 0.0030678737954341734], [0.0778271114979991, 0.003183242525481413, 0.9969617884721832]], [[0.9937495379811879, 0.08004689617796257, -0.07780970477057515], [-0.08005141320304095, 0.9967860203059923, 0.0030660981747603648], [0.0778050576017104, 0.003181843192207707, 0.9969635143154673]], [[0.9937595636610252, 0.07998770930783665, -0.07774249786293011], [-0.0799922528169016, 0.996790786313619, 0.0030606863337108436], [0.07773782286351641, 0.0031772112371620358, 0.996968773942267]], [[0.993824038440917, 0.07959311780745276, -0.07732215851038374], [-0.0795977517362422, 0.9968224694363804, 0.003026935177514346], [0.0773173881966495, 0.0031464290435908914, 0.997001565423782]], [[0.9939201941936934, 0.07899345153837167, -0.07669864516438013], [-0.0789981742932836, 0.9968703149404861, 0.0029771866013515824], [0.0766937808060369, 0.003099967062777181, 0.997049875472954]], [[0.9940342156310803, 0.07827339322623543, -0.07595560578113476], [-0.07827820312948046, 0.9969272821230101, 0.002918401090132091], [0.07595064878951138, 0.003044677808621326, 0.9971069295096898]], [[0.9941478642860003, 0.07754808904145534, -0.07520849555490251]