{"b2imat": [[[0.6142842644893171, -0.0017453283658983086, -0.7890828829912062], [0.0010721293844842038, 0.9999984769132876, -0.0013772108363408935], [0.7890840848346907, -1.0842021724855044e-19, 0.6142852000989428]], [[0.6142842644893171, -0.0017453283658983086, -0.7890828829912062], [0.0010721293844842038, 0.9999984769132876, -0.0013772108363408935], [0.7890840848346907, -1.0842021724855044e-19, 0.6142852000989428]], [[0.6142842644893171, -0.0017453283658983086, -0.7890828829912062], [0.0010721293844842038, 0.9999984769132876, -0.0013772108363408935], [0.7890840848346907, -1.0842021724855044e-19, 0.6142852000989428]], [[0.6142842644893171, -0.0017453283658983086, -0.7890828829912062], [0.0010721293844842038, 0.9999984769132876, -0.0013772108363408935], [0.7890840848346907, -1.0842021724855044e-19, 0.6142852000989428]], [[0.6142842644893171, -0.0017453283658983086, -0.7890828829912062], [0.0010721293844842038, 0.9999984769132876, -0.0013772108363408935], [0.7890840848346907, -1.0842021724855044e-19, 0.6142852000989428]], [[0.6142842644893171, -0.0017453283658983086, -0.7890828829912062], [0.0010721293844842038, 0.9999984769132876, -0.0013772108363408935], [0.7890840848346907, -1.0842021724855044e-19, 0.6142852000989428]], [[0.6142842644893171, -0.0017453283658983086, -0.7890828829912062], [0.0010721293844842038, 0.9999984769132876, -0.0013772108363408935], [0.7890840848346907, -1.0842021724855044e-19, 0.6142852000989428]], [[0.6142842644893171, -0.0017453283658983086, -0.7890828829912062], [0.0010721293844842038, 0.9999984769132876, -0.0013772108363408935], [0.7890840848346907, -1.0842021724855044e-19, 0.6142852000989428]], [[0.6142842644893171, -0.0017453283658983086, -0.7890828829912062], [0.0010721293844842038, 0.9999984769132876, -0.0013772108363408935], [0.7890840848346907, -1.0842021724855044e-19, 0.6142852000989428]], [[0.6142842644893171, -0.0017453283658983086, -0.7890828829912062], [0.0010721293844842038, 0.9999984769132876, -0.0013772108363408935], [0.7890840848346907, -1.0842021724855044e-19, 0.6142852000989428]], [[0.6142842644893171, -0.0017453283658983086, -0.7890828829912062], [0.0010721293844842038, 0.9999984769132876, -0.0013772108363408935], [0.7890840848346907, -1.0842021724855044e-19, 0.6142852000989428]], [[0.6142842644893171, -0.0017453283658983086, -0.7890828829912062], [0.0010721293844842038, 0.9999984769132876, -0.0013772108363408935], [0.7890840848346907, -1.0842021724855044e-19, 0.6142852000989428]], [[0.6142842644893171, -0.0017453283658983086, -0.7890828829912062], [0.0010721293844842038, 0.9999984769132876, -0.0013772108363408935], [0.7890840848346907, -1.0842021724855044e-19, 0.6142852000989428]], [[0.6142842644893171, -0.0017453283658983086, -0.7890828829912062], [0.0010721293844842038, 0.9999984769132876, -0.0013772108363408935], [0.7890840848346907, -1.0842021724855044e-19, 0.6142852000989428]], [[0.6142842644893171, -0.0017453283658983086, -0.7890828829912062], [0.0010721293844842038, 0.9999984769132876, -0.0013772108363408935], [0.7890840848346907, -1.0842021724855044e-19, 0.6142852000989428]], [[0.6142842644893171, -0.0017453283658983086, -0.7890828829912062], [0.0010721293844842038, 0.9999984769132876, -0.0013772108363408935], [0.7890840848346907, -1.0842021724855044e-19, 0.6142852000989428]], [[0.6142842644893171, -0.0017453283658983086, -0.7890828829912062], [0.0010721293844842038, 0.9999984769132876, -0.0013772108363408935], [0.7890840848346907, -1.0842021724855044e-19, 0.6142852000989428]], [[0.6142842644893171, -0.0017453283658983086, -0.7890828829912062], [0.0010721293844842038, 0.9999984769132876, -0.0013772108363408935], [0.7890840848346907, -1.0842021724855044e-19, 0.6142852000989428]], [[0.6142842644893171, -0.0017453283658983086, -0.7890828829912062], [0.0010721293844842038, 0.9999984769132876, -0.0013772108363408935], [0.7890840848346907, -1.0842021724855044e-19, 0.6142852000989428]], [[0.6142842644893171, -0.0017453283658983086, -0.7890828829912062], [0.0010721293844842038, 0.9999984769132876, -0.0013772108363408935], [0.7890840848346907, -1.0842021724855044e-19, 0.6142852000989428]], [[0.6142842644893171, -0.0017453283658983086, -0.7890828829912062], [0.0010721293844842038, 0.9999984769132876, -0.0013772108363408935], [0.7890840848346907, -1.0842021724855044e-19, 0.6142852000989428]], [[0.6142842644893171, -0.0017453283658983086, -0.7890828829912062], [0.0010721293844842038, 0.9999984769132876, -0.0013772108363408935], [0.7890840848346907, -1.0842021724855044e-19, 0.6142852000989428]], [[0.6142842644893171, -0.0017453283658983086, -0.7890828829912062], [0.0010721293844842038, 0.9999984769132876, -0.0013772108363408935], [0.7890840848346907, -1.0842021724855044e-19, 0.6142852000989428]], [[0.6142842644893171, -0.0017453283658983086, -0.7890828829912062], [0.0010721293844842038, 0.9999984769132876, -0.0013772108363408935], [0.7890840848346907, -1.0842021724855044e-19, 0.6142852000989428]], [[0.6142842644893171, -0.0017453283658983086, -0.7890828829912062], [0.0010721293844842038, 0.9999984769132876, -0.0013772108363408935], [0.7890840848346907, -1.0842021724855044e-19, 0.6142852000989428]], [[0.6142842644893171, -0.0017453283658983086, -0.7890828829912062], [0.0010721293844842038, 0.9999984769132876, -0.0013772108363408935], [0.7890840848346907, -1.0842021724855044e-19, 0.6142852000989428]], [[0.6142842644893171, -0.0017453283658983086, -0.7890828829912062], [0.0010721293844842038, 0.9999984769132876, -0.0013772108363408935], [0.7890840848346907, -1.0842021724855044e-19, 0.6142852000989428]], [[0.6142842644893171, -0.0017453283658983086, -0.7890828829912062], [0.0010721293844842038, 0.9999984769132876, -0.0013772108363408935], [0.7890840848346907, -1.0842021724855044e-19, 0.6142852000989428]], [[0.6142842644893171, -0.0017453283658983086, -0.7890828829912062], [0.0010721293844842038, 0.9999984769132876, -0.0013772108363408935], [0.7890840848346907, -1.0842021724855044e-19, 0.6142852000989428]], [[0.6142842644893171, -0.0017453283658983086, -0.7890828829912062], [0.0010721293844842038, 0.9999984769132876, -0.0013772108363408935], [0.7890840848346907, -1.0842021724855044e-19, 0.6142852000989428]], [[0.6142842644893171, -0.0017453283658983086, -0.7890828829912062], [0.0010721293844842038, 0.9999984769132876, -0.0013772108363408935], [0.7890840848346907, -1.0842021724855044e-19, 0.6142852000989428]], [[0.6142842644893171, -0.0017453283658983086, -0.7890828829912062], [0.0010721293844842038, 0.9999984769132876, -0.0013772108363408935], [0.7890840848346907, -1.0842021724855044e-19, 0.6142852000989428]], [[0.6142842644893171, -0.0017453283658983086, -0.7890828829912062], [0.0010721293844842038, 0.9999984769132876, -0.0013772108363408935], [0.7890840848346907, -1.086800826019264e-19, 0.6142852000989428]], [[0.6142842644893171, -0.0017453283658983086, -0.7890828829912062], [0.0010721293844842038, 0.9999984769132876, -0.0013772108363408935], [0.7890840848346907, -1.09422262402036e-19, 0.6142852000989428]], [[0.6142842644893171, -0.0017453283658983086, -0.7890828829912062], [0.0010721293844842038, 0.9999984769132876, -0.0013772108363408935], [0.7890840848346907, -1.4334559424135632e-19, 0.6142852000989428]], [[0.6142842644893171, -0.001745328365898311, -0.7890828829912062], [0.0010721293844842075, 0.9999984769132876, -0.0013772108363408935], [0.7890840848346907, -3.1327323281514156e-18, 0.6142852000989428]], [[0.6142842644893168, -0.0017453283658984485, -0.7890828829912064], [0.0010721293844844308, 0.9999984769132876, -0.0013772108363408937], [0.789084084834691, -1.7966726590042062e-16, 0.6142852000989426]], [[0.6142842644893048, -0.0017453283659054194, -0.7890828829912158], [0.0010721293844957582, 0.9999984769132876, -0.00137721083634091], [0.7890840848347003, -9.134439202443762e-15, 0.6142852000989306]], [[0.6142842644890335, -0.0017453283660632559, -0.7890828829914267], [0.0010721293847522286, 0.9999984769132874, -0.0013772108363412782], [0.7890840848349112, -2.118844895391881e-13, 0.6142852000986597]], [[0.6142842644804576, -0.0017453283710513925, -0.7890828829980918], [0.0010721293928575145, 0.9999984769132787, -0.001377210836352911], [0.7890840848415763, -6.6194378605577665e-12, 0.6142852000900979]], [[0.6142842642105572, -0.001745328528037468, -0.7890828832078564], [0.0010721296479461687, 0.9999984769130047, -0.0013772108367190196], [0.7890840850513411, -2.0827723830803617e-10, 0.6142851998206431]], [[0.6142842601776749, -0.0017453308737583253, -0.7890828863421812], [0.001072133459537646, 0.9999984769089106, -0.001377210842189465], [0.7890840881856707, -3.2214929660258827e-09, 0.6142851957944194]], [[0.6142841915342991, -0.001745370801283074, -0.7890829396912712], [0.0010721983382848265, 0.9999984768392215, -0.0013772109353044641], [0.7890841415348401, -5.451074018858964e-08, 0.6142851272643844]], [[0.6142814380755608, -0.0017469727127744038, -0.7890850796474114], [0.0010748013117617727, 0.9999984740397753, -0.0013772146750190733], [0.7890862814914227, -2.112267587198524e-06, 0.6142823783550827]], [[0.6142391793463851, -0.0017715754362357238, -0.7891179202605609], [0.0011147802191434754, 0.9999984301905568, -0.0013772732063703982], [0.7891191214391792, -3.37178840613943e-05, 0.6142401900251738]], [[0.6138805612372332, -0.0019807132545961326, -0.7893964360890305], [0.0014547369769489723, 0.9999979926247264, -0.0013778558870722961], [0.789397580611562, -0.0003025252397903498, 0.6138822103653856]], [[0.6133140360812415, -0.0023115990291864064, -0.7898357738515434], [0.001993004367737394, 0.9999970630177459, -0.0013790900886201708], [0.7898366420212017, -0.000728330838709934, 0.6133168418157626]], [[0.6129200971780393, -0.002541852874631179, -0.7901408060967532], [0.0023678630618511613, 0.9999962441638964, -0.0013801748516966692], [0.7901413466588009, -0.0010250083241930344, 0.61292381391014]], [[0.6124481815892225, -0.0028177750922146927, -0.7905057147241787], [0.0028173885417055768, 0.9999950765751475, -0.001381718954800735], [0.790505716101952, -0.0013809304814814652, 0.6124531050138821]], [[0.6114897760402676, -0.003378242839303498, -0.7912451208529138], [0.0037315545832196676, 0.9999920776711828, -0.0013856750209037872], [0.7912435334956082, -0.002105248248971848, 0.6114975377147434]], [[0.6089458131215336, -0.004865068778969044, -0.7931969035413164], [0.00616361843964434, 0.9999800226094038, -0.0014014955682824818], [0.7931878759092876, -0.004035528202521174, 0.6089636344008081]], [[0.6041862237551275, -0.007637725267480743, -0.796806546269083], [0.010726049534038105, 0.9999414204576138, -0.0014517281448822679], [0.7967709576069657, -0.007669472338549839, 0.6042327534221678]], [[0.6003187228101127, -0.009878369835645245, -0.7996998492265908], [0.014439078988048602, 0.9998946076215424, -0.0015121664400204002], [0.799630504696776, -0.01063914746376125, 0.6003980883544107]], [[0.5994177231342237, -0.010398552485903892, -0.800368829539724], [0.015304448065665437, 0.9998817113980456, -0.0015287514920102492], [0.8002900518324573, -0.011332842446486616, 0.5995059629562436]], [[0.5989682614984579, -0.010657776372993023, -0.8007018380897505], [0.015736165133485736, 0.9998749969764414, -0.0015373770703445311], [0.8006181329600369, -0.011679136275771326, 0.5990611011837137]], [[0.5985106426867142, -0.0109215192246468, -0.8010404053532936], [0.01617573352078071, 0.9998679684304829, -0.0015463996142875633], [0.8009515317644444, -0.01203187950937261, 0.5986082839718051]], [[0.5980771581207316, -0.011171178371635173, -0.8013606664342999], [0.016592132024501795, 0.9998611316587336, -0.0015551697661784214], [0.8012667558866521, -0.012366170462566684, 0.5981794578042431]], [[0.5976533058034873, -0.011415124753342332, -0.8016733879760732], [0.016999287278045987, 0.9998542785210585, -0.0015639549787419926], [0.8015744196855401, -0.012693173362194018, 0.5977602638648658]], [[0.5972019305694719, -0.01167473088626166, -0.8020059568250324], [0.017432888971047354, 0.9998467974436727, -0.001573538610268144], [0.8019014581020709, -0.013041560503568955, 0.5973139619943697]], [[0.5962106265474179, -0.012244212796564864, -0.8027346809780518], [0.01838517536683239, 0.999829705497097, -0.001595409766307923], [0.8026175142112679, -0.013807217626446724, 0.5963342071546358]], [[0.5922664520017715, -0.014500834155250608, -0.8056116779454242], [0.02217393353981503, 0.9997526936420579, -0.00169358401766877], [0.805437003436404, -0.016860526808346394, 0.5924415212754237]], [[0.5851803018479462, -0.01851672267928066, -0.8106917696081365], [0.02897750183140656, 0.9995782311131248, -0.0019142289232962997], [0.8103852902889873, -0.022371653179382663, 0.5854700593687626]], [[0.581598340909375, -0.020527425012479613, -0.8132170649179874], [0.03241388786673069, 0.9994724354768646, -0.0020470943581870436], [0.8128300620208595, -0.025168940071154233, 0.5819568839105416]], [[0.5793389964733031, -0.021788944558829446, -0.8147954154634923], [0.03458025174053042, 0.9993996369813866, -0.0021381746976988276], [0.8143528309982575, -0.026937102600105452, 0.5797446499525822]], [[0.5782569391326166, -0.022391264864198738, -0.8155473889374948], [0.035617440638080006, 0.9993631117114211, -0.0021837749110363127], [0.8150768738391362, -0.027784927717209168, 0.5786861736074032]], [[0.5777130253556687, -0.0226935771645975, -0.8159244216775727], [0.03613871572878799, 0.9993443458520392, -0.002207178977122307], [0.8154395462325107, -0.02821134468680414, 0.5781543621482815]], [[0.5771646541747696, -0.022998058188965897, -0.8163038964079874], [0.03666420233587616, 0.9993251515177856, -0.0022311008565978237], [0.8158043259497961, -0.028641418671136582, 0.5776183609426819]], [[0.5736640932004768, -0.02493428781438139, -0.8187110537080045], [0.04001698346357278, 0.9991961378129215, -0.0023914878675762676], [0.81811255289658, -0.03139043597872174, 0.5742007413110098]], [[0.5535588789638902, -0.035790373434007705, -0.8320406340375373], [0.059184623534524534, 0.9982406922219043, -0.003563808274134608], [0.8307043685073633, -0.04727123397789497, 0.5547032383003475]], [[0.5337662574712304, -0.04601176261471823, -0.844379357922731], [0.07784267188376037, 0.9969525173621794, -0.005118257432044752], [0.8420416265356934, -0.06299679219000542, 0.5357212926089904]], [[0.5278927335001855, -0.0489515983830662, -0.8478991702633075], [0.08332705558609935, 0.9965062217814243, -0.005652588627500531], [0.8452135018590131, -0.06766898083009797, 0.5301273859256795]], [[0.525682327316605, -0.05004646177235648, -0.8492075378909603], [0.08538369086172405, 0.9963308994135164, -0.005862099334987954], [0.8463850873459143, -0.06942687187143295, 0.5280266976018846]], [[0.5234748902838662, -0.05113345961337813, -0.8505053841981379], [0.08743327058647195, 0.9961518493066589, -0.006075879969727475], [0.8475431920772951, -0.07118189679139914, 0.5259312456323196]], [[0.513661964909406, -0.05588641069594243, -0.8561705991826051], [0.09648782993267305, 0.9953089797437823, -0.007080502535569815], [0.852549989431689, -0.07897305832240033, 0.5166447247180073]], [[0.5042032152793042, -0.06035075331302239, -0.8614736817084714], [0.10513558739079831, 0.9944246559494806, -0.008130922680208989], [0.8571613768513496, -0.08647190418966032, 0.5077371207818461]], [[0.4952271264699092, -0.06450112280918284, -0.8663657993968241], [0.11330627582844661, 0.9935175116638181, -0.009200101907362153], [0.8613430101103411, -0.09360854220405102, 0.4993252044111292]], [[0.4694175318275387, -0.07634850060279412, -0.8796693056432848], [0.13738289594338796, 0.9904372261757799, -0.012650728114944988], [0.8722230911567869, -0.11491304310486321, 0.4754175762468736]], [[0.4642144953775525, -0.07892455710376035, -0.8821994199667328], [0.14277624935417915, 0.9896641468104876, -0.013409666387223431], [0.8741394882589729, -0.119732162840775, 0.47068499474167064]], [[0.4634799949495657, -0.07931262860166854, -0.8825507357926498], [0.14359399382724508, 0.989544352510042, -0.013518112538959452], [0.8743952534467654, -0.12046361016697328, 0.4700228285971431]], [[0.46282427958082145, -0.07966844608671488, -0.8828627441176391], [0.14434503404060436, 0.9894337472866597, -0.013615097961014263], [0.8746188869503401, -0.12113545493822926, 0.4694337058348142]], [[0.4623536692223395, -0.07993080319557959, -0.8830855854782466], [0.14489959338774266, 0.9893517246353303, -0.013684765674169978], [0.874776081305752, -0.12163154063108883, 0.46901234091035215]], [[0.46204172436294116, -0.08010870731689182, -0.8832327213039872], [0.14527602986249769, 0.9892958789470898, -0.013730952628573379], [0.8748784602029313, -0.12196827015665483, 0.46873384876184054]], [[0.4617460558182919, -0.08028087370783518, -0.8833717005175508], [0.14564063239656067, 0.9892416607264457, -0.013774719333106318], [0.8749739345622372, -0.12229439077314795, 0.46847059229929]], [[0.4614665158363396, -0.0804474161816755, -0.8835026134731437], [0.1459936184571134, 0.9891890514474202, -0.013816073275145115], [0.8750625795699468, -0.12261008825105117, 0.46822243445034045]], [[0.4612699795419837, -0.08056709249277043, -0.883594335429395], [0.1462474541821578, 0.9891511485819621, -0.013845122556881721], [0.8751238130404846, -0.12283708267836584, 0.46804846222981383]], [[0.4610824800540216, -0.08068359274976913, -0.8836815628214376], [0.1464947032920106, 0.9891141729551692, -0.013872807249780458], [0.8751812660966641, -0.12305815996871586, 0.4678829348947179]], [[0.46089067388045685, -0.08080550251382697, -0.8837704778480802], [0.14675359512301753, 0.9890753975739301, -0.013901087973019272], [0.87523892114121, -0.12328961307484473, 0.46771412449760935]], [[0.46070912973373057, -0.08092388515669155, -0.8838542994257902], [0.14700515963141492, 0.989037663226107, -0.013927805870853571], [0.8752922830995783, -0.12351447504674645, 0.46755490974578834]], [[0.4605198908107081, -0.08105100430740264, -0.8839412677835421], [0.14727547396554774, 0.9889970557939212, -0.01395558718116216], [0.8753464256897713, -0.1237560436762659, 0.46738964121263554]], [[0.4603307861320252, -0.08118268908432522, -0.8840276796313744], [0.147555706449716, 0.9889548938778702, -0.013983253681749498], [0.8753986982313479, -0.12400640661971155, 0.4672253527787878]], [[0.4601614281071024, -0.08130559614585091, -0.8841045527199394], [0.1478174607462852, 0.9889154546583931, -0.014007920998369592], [0.8754435780865001, -0.12424018507647308, 0.4670791346510806]], [[0.45999329948304923, -0.08143363638880466, -0.8841802572538701], [0.14809036520513477, 0.9888742787905149, -0.014032266186958636], [0.875485812675482, -0.12448382877193298, 0.46693507921911515]], [[0.45984674042909063, -0.08155176162811277, -0.8842456024852032], [0.14834234667068347, 0.9888362110428646, -0.014053324482819148], [0.8755201445614583, -0.12470869224086979, 0.46681068815289933]], [[0.4597061917618603, -0.08167294511557638, -0.8843074959052908], [0.14860107686881985, 0.9887970782154044, -0.014073310928848117], [0.8755500769465882, -0.12493945799271153, 0.46669282683842167]], [[0.4595508606421549, -0.08182046764457376, -0.884374591211106], [0.14891637897919338, 0.9887493324071688, -0.014095025735958945], [0.875578048255392, -0.12522048056722349, 0.466565014426623]], [[0.45947188937847544, -0.08190404504161489, -0.8844078868367975], [0.1490951919376323, 0.988722230725241, -0.014105822385745615], [0.8755890626566759, -0.12537973476686512, 0.46650157072931203]], [[0.45940360730256335, -0.08198386525153667, -0.8844359623274859], [0.1492661028680308, 0.9886963128593217, -0.014114938447173124], [0.8755957721254279, -0.12553185568406638, 0.4664480647100056]], [[0.45921645053951465, -0.08235806888453034, -0.8844983889560486], [0.1500696709657615, 0.9885743716585346, -0.014135259833436309], [0.8755565917986451, -0.12624523834279666, 0.4663290623377648]], [[0.4596040929062596, -0.08274157992264865, -0.8842612220142186], [0.15090232235498538, 0.9884487221874674, -0.014057479441137869], [0.8752100130389439, -0.12697619687387054, 0.46678097490247605]], [[0.46448058084125343, -0.08241012107826103, -0.8817405298568614], [0.15027042521242723, 0.9885563456735635, -0.013234453156172075], [0.8727408489149451, -0.1263523778484363, 0.47154902955974587]], [[0.4718528233338485, -0.08094101761484525, -0.8779541359352907], [0.14727079368099136, 0.9890230411417185, -0.012030687201147387], [0.8692906455707099, -0.12362028868122016, 0.47859356220124644]], [[0.4752269783685277, -0.08017939295509402, -0.8762023647552101], [0.14572342696858875, 0.9892586577173075, -0.011488732700727143], [0.8677119348606105, -0.12222345557245673, 0.4818064186363669]], [[0.4785962007127202, -0.07939569952023963, -0.8744381050638221], [0.14413913480848253, 0.9894968170310554, -0.010952575828170327], [0.8661233090711196, -0.12079889071705295, 0.4850134446755187]], [[0.48148882081647054, -0.07871241322692638, -0.8729105747207715], [0.1427646806527079, 0.9897010042728205, -0.010496099976265136], [0.86474664580049, -0.11956704462657518, 0.487767322036687]], [[0.48410495177503515, -0.07808729207436584, -0.8715186575799658], [0.1415127776758651, 0.9898850439060344, -0.010086308582915171], [0.8634908971481141, -0.1184481940892739, 0.49025860103631524]], [[0.48793671935154626, -0.07715932607664483, -0.8694620154638558], [0.13966394750844247, 0.9901534705443109, -0.009491393504085911], [0.8616331816446678, -0.11680129786874685, 0.49390861212959375]], [[0.4907938700380301, -0.0764626444170753, -0.8679140747611352], [0.1382835025136533, 0.9903513204144095, -0.009051800994061679], [0.8602319745870608, -0.11557562968702695, 0.4966318795155902]], [[0.4917909982477446, -0.07622073696891833, -0.8673707473307152], [0.1378057721087861, 0.9904192923048619, -0.00889913586172276], [0.8597390204313703, -0.1151521806203458, 0.4975829499458081]], [[0.492641878186898, -0.0760159854630896, -0.866905732959015], [0.1374021121616442, 0.9904765326982486, -0.008769136948684206], [0.8593163791446713, -0.11479463464596165, 0.49839497631985585]], [[0.4945372418823983, -0.07557218080172753, -0.8658647480449113], [0.1365296556023677, 0.9905996860156426, -0.008480284315195367], [0.8583662211251984, -0.11402239942200147, 0.5002062803403783]], [[0.4968242591552823, -0.0751206462490944, -0.8645938607511469], [0.13564836978764014, 0.9907236745471921, -0.008131450112053958], [0.8571844465020578, -0.11324084605031175, 0.502405548826229]], [[0.4973450397896995, -0.07525241114352521, -0.8642829317072425], [0.13591584221295638, 0.9906877083749955, -0.008046634408695838], [0.8568400056418946, -0.11346778885191806, 0.5029416125707961]], [[0.4952113253111322, -0.07636421322656375, -0.865409874134054], [0.13811590369248258, 0.9903808060959981, -0.008357994910156449], [0.8577235804541656, -0.11538789308281737, 0.500994903859789]], [[0.4885448275387358, -0.07912581186530954, -0.8689436445534824], [0.1436098559407255, 0.989590019551965, -0.009370298572353646], [0.8606393906855745, -0.12021106070326763, 0.4948223318696735]], [[0.48174611355492286, -0.0817835865955227, -0.8724861758597474], [0.14895654304262415, 0.9887886457872335, -0.010438499055479247], [0.8635581221882528, -0.12493381824559922, 0.4885272875625778]], [[0.4743542940226869, -0.0846028682871243, -0.8762592986370349], [0.1546981384111586, 0.9878932484287157, -0.011636825020116186], [0.8666351537712453, -0.13003570433594153, 0.48169931064690785]], [[0.4703398707723108, -0.0861115804796217, -0.8782739901062915], [0.15780169492897744, 0.9873941738656239, -0.012303272297365815], [0.8682620751116437, -0.13280640473680802, 0.4779994014804556]], [[0.46635669011793424, -0.08759288296019521, -0.880249353572637], [0.16087054431679512, 0.9868902215598898, -0.012975306400157515], [0.8698460240705127, -0.13555507168610492, 0.4743339719869611]], [[0.4626656001749558, -0.08895380755961921, -0.8820588203535371], [0.16370947154176152, 0.9864147429795675, -0.013607489685899917], [0.8712862625911653, -0.13810566595484713, 0.47094274989973584]], [[0.45828406937005395, -0.09056353511410781, -0.8841798221500762], [0.16709237259106638, 0.9858365287873555, -0.014369326562450921], [0.8729581037033383, -0.14115447081748875, 0.4669256520892296]], [[0.45726257294854267, -0.09093954258632142, -0.8846699604952972], [0.16788658547966093, 0.9856989555649351, -0.014548657314236746], [0.8733413043216699, -0.14187166245596255, 0.4659907698546755]], [[0.4563368826144696, -0.09128103688109745, -0.8851126605690947], [0.16860924924026985, 0.9855731766969533, -0.01471171171473434], [0.8736861969117726, -0.14252468451822548, 0.46514421813118584]], [[0.45375915174462883, -0.09223826759292915, -0.8863378217291269], [0.17064190263967177, 0.9852163522758973, -0.015168397646155815], [0.8746336223295581, -0.14436357302055827, 0.4627906497623581]], [[0.45289027576261937, -0.09256406420791301, -0.8867481559975504], [0.17133611743404345, 0.9850934652714766, -0.015323170609389224], [0.8749481887632562, -0.14499227121601818, 0.46199881850451796]], [[0.452118459404982, -0.092855377643919, -0.8871114797678787], [0.17195790797170174, 0.9849829621536825, -0.015460988597569468], [0.8752253290376586, -0.1455556358413996, 0.4612961958631149]], [[0.4464291433256863, -0.09513357425166064, -0.889747505267493], [0.17685752918146586, 0.9840984187705496, -0.016483827854707575], [0.8771672785003066, -0.1499996841948731, 0.4561553029009473]], [[0.44543840167938875, -0.09560395344023773, -0.890193526423357], [0.17787892701132424, 0.9839113228418312, -0.016661216779058047], [0.8774643683620009, -0.1509251235062883, 0.45527781567358994]], [[0.4448194685855094, -0.09596307299916641, -0.8904643334115173], [0.17866252336316132, 0.983767493529016, -0.016769658815104095], [0.8776191333506379, -0.15163313401544926, 0.45474393843165406]], [[0.4445801070260733, -0.09627839493853158, -0.8905498297091166], [0.17935688194087038, 0.9836405508627785, -0.016804036255262104], [0.8775987907053333, -0.15225550039846927, 0.454575214068841]], [[0.4454731416497514, -0.09635615400828751, -0.8900950352314859], [0.1795460331165948, 0.983609160019683, -0.016620540098769322], [0.8771071212635494, -0.15240902842448648, 0.45547182786457335]], [[0.4498618409812865, -0.09559872856503013, -0.8879668953371235], [0.1779593615514233, 0.983911460134006, -0.015770361076815835], [0.8751884310101251, -0.15092753807204834, 0.4596369094958307]], [[0.4538225538982251, -0.09472799876009336, -0.8860427167541962], [0.17612862173907431, 0.9842526187186482, -0.015016363910679155], [0.8735123343641767, -0.14924271784961526, 0.46336034894639944]], [[0.45567304943868736, -0.09430401372258873, -0.8851377435744265], [0.17524041373943727, 0.9844164180615215, -0.014666740561136189], [0.8727272595240996, -0.14842866596949003, 0.4650979054943903]], [[0.45750493385198804, -0.09387954180801346, -0.8842374495688297], [0.17435374827433603, 0.984578919426926, -0.014322077996733164], [0.8719461027337339, -0.14761769231625407, 0.46681796338171305]], [[0.45923712515735504, -0.09347318189805859, -0.8833821524301099], [0.17350724491102987, 0.9847331136528771, -0.013997531005609984], [0.8712040512700566, -0.14684501753928902, 0.4684442784021116]], [[0.4613769915622279, -0.09296023137830184, -0.8823206147019851], [0.17244161476202713, 0.984925868811846, -0.013598620476637636], [0.870284528912252, -0.14587470089797866, 0.47045234664844177]], [[0.4628107547649156, -0.09260613678620369, -0.8816066633099375], [0.1717076424560239, 0.9850577258034968, -0.013332756369862187], [0.8696681498737845, -0.1452080586576705, 0.4717964909673263]], [[0.46410680305724666, -0.0922747845614136, -0.8809598399354825], [0.17102177350770728, 0.9851802428737158, -0.013093589001985333], [0.8691124371742863, -0.14458649044839147, 0.4730098502376853]], [[0.4651425574460443, -0.09199743929130927, -0.88044242997792], [0.17044814688306817, 0.985282157623701, -0.012903454107542173], [0.8686713018083703, -0.14406783494929726, 0.47397745562489724]], [[0.46691119817409166, -0.09142363386649566, -0.8795656043065356], [0.1692590423901988, 0.9854912609334788, -0.012583768444051725], [0.8679546703010192, -0.14299892946838486, 0.475611182129308]], [[0.46628653139231524, -0.09139530829336714, -0.8798998626849871], [0.16919028595599397, 0.9855015129461542, -0.012704926380346468], [0.8683038165809084, -0.14294637329268153, 0.47498928047543015]], [[0.463749398637266, -0.09180224776362046, -0.88119739142726], [0.170016652959478, 0.9853530714756766, -0.01317809869702025], [0.8695003353012051, -0.143706895707036, 0.4725648052178786]], [[0.46255855333335666, -0.09201966427076619, -0.8818004117796273], [0.17046188675083604, 0.9852731560416648, -0.013399745683898226], [0.8700473148124617, -0.14411519491694422, 0.4714323712633383]], [[0.4619081098443668, -0.0921415134824942, -0.882128584528483], [0.1707120525018897, 0.9852281875694433, -0.013520857390220787], [0.8703437788020741, -0.14434458752077017, 0.47081455674957196]], [[0.4617598412771506, -0.09216952971021343, -0.8822032797863327], [0.17076963003140502, 0.985217829919392, -0.013548472356852876], [0.8704111571846463, -0.14439738722247744, 0.47067378523253317]], [[0.46161014040839177, -0.09219789684481956, -0.8822786556290472], [0.1708279498434212, 0.9852073355937038, -0.01357635739036243], [0.8704791151620559, -0.14445086965644513, 0.4705316741894194]], [[0.4602605071577881, -0.09245634946618345, -0.8829564480104837], [0.17136019596349764, 0.9851114004075996, -0.013827944954320668], [0.8710889443099853, -0.14493913296663893, 0.46925121089789196]], [[0.45959043963042806, -0.09258584291855043, -0.8832918484738844], [0.1716274209287593, 0.9850631157577833, -0.013953006637806936], [0.8713900712623076, -0.14518443339210185, 0.46861585984625115]], [[0.45890606074434886, -0.09271850439546747, -0.8836336947195962], [0.17190153207888392, 0.985013498714995, -0.01408086124834311], [0.8716966736141153, -0.1454361933174417, 0.4679671174097469]], [[0.45824697923734975, -0.09284642611248643, -0.8839622431229789], [0.17216616641380314, 0.9849655091856826, -0.014204115328878475], [0.8719911222432805, -0.14567939767682916, 0.467342482463132]], [[0.4564794142237626, -0.09318909684292702, -0.8848402888140535], [0.17287649810914343, 0.9848362507869886, -0.014535321552830346], [0.8727773260690993, -0.14633301541410107, 0.4656676795665612]], [[0.45388359046979987, -0.09368845055855758, -0.8861219784110764], [0.1739151837221034, 0.9846460284530157, -0.015023566749750535], [0.8739240214584029, -0.14729111622360597, 0.4632085188044827]], [[0.4518399497338813, -0.09407745606686187, -0.8871246204302021], [0.17472723373276783, 0.9844962877635927, -0.015409516769066857], [0.8748205837344334, -0.14804219558777523, 0.4612726468083713]], [[0.44981149749818194, -0.09445972909115229, -0.8881142811527164], [0.17552771289799343, 0.9843477905903968, -0.01579396086615344], [0.8757052237095072, -0.14878436334032624, 0.45935125392975507]], [[0.4474057477934002, -0.09490348360396712, -0.8892814097518128], [0.17645962603422474, 0.9841737031701641, -0.016251843077113522], [0.8767497347191874, -0.1496510969652851, 0.4570716048285119]], [[0.44224316286491716, -0.09575266706924955, -0.8917692592466299], [0.17824400945358335, 0.9838352089176868, -0.01724397932546089], [0.8790051524889356, -0.1513264962846335, 0.4521617338009619]], [[0.43908173091636554, -0.09601203870837355, -0.8933022568466068], [0.17876136322311395, 0.9837302509821597, -0.0178652835477822], [0.8804837356265235, -0.15184360954722922, 0.4491012242585467]], [[0.438326350883045, -0.09589590533156467, -0.8936856189683565], [0.17848518514878509, 0.9837775497245348, -0.018021414356902306], [0.8809160282982094, -0.1516103823401359, 0.4483316218467425]], [[0.4381457707282981, -0.09577167941954916, -0.893787485425205], [0.17820210377518295, 0.9838281063185754, -0.018062875261771978], [0.8810631611364412, -0.1513606377941675, 0.4481268386389893]], [[0.4381252667687769, -0.09573911673308273, -0.8938010249684213], [0.17812842577266536, 0.9838413477646766, -0.018068381093830906], [0.8810882558854557, -0.1512951552114148, 0.4480996110733147]], [[0.4381112824389585, -0.0957045083639687, -0.8938115860555523], [0.17805027272135746, 0.9838554156328021, -0.018072674092925747], [0.8811110058853399, -0.1512255542013631, 0.4480783716695072]], [[0.4381041885119638, -0.095671120500031, -0.8938186375317865], [0.17797500232589408, 0.983868981857366, -0.018075539302007584], [0.881129739972557, -0.15115840458244673, 0.4480641897694688]], [[0.43813999735366016, -0.09549734094498491, -0.8938196689936933], [0.17758468993831786, 0.9839394989225959, -0.018075961785281102], [0.881190683522687, -0.1508088868968947, 0.44806211511301625]], [[0.43856927230046877, -0.09502093754795561, -0.8936598989044111], [0.1765217486546912, 0.9841319319161371, -0.018011464954468155], [0.8811907090717176, -0.14985113294578367, 0.4483832872602314]], [[0.43936458652619403, -0.09445527737835449, -0.8933291447000458], [0.1752669057805769, 0.9843586006546322, -0.01787895663182302], [0.8810449886091846, -0.14871565461392477, 0.44904719374825364]], [[0.44302633248527723, -0.09244734141992503, -0.8917293075127022], [0.1708481740201028, 0.985146322903665, -0.017251780720959193], [0.8800787295843348, -0.14470733073418307, 0.4522402218495579]], [[0.4459610215672156, -0.0909861542553215, -0.8904157944828643], [0.16765895480772902, 0.9857027223514961, -0.016751658313707434], [0.8792094416142451, -0.1418155947599224, 0.45483963652352166]], [[0.4476473495122455, -0.09015582587907937, -0.8896537402960185], [0.1658551898424617, 0.9860126195378572, -0.01646724473095325], [0.8786944329999534, -0.14018217150047352, 0.4563387473159981]], [[0.4493185691119079, -0.08933121290777998, -0.8888941207700738], [0.1640696109562506, 0.9863159314534417, -0.016187839769217966], [0.8781765120521161, -0.13856701554117157, 0.4578266003386709]], [[0.45110377016503683, -0.08844774710253933, -0.8880779158741073], [0.16216289095004124, 0.9866360206899163, -0.015892121018824118], [0.8776152832817707, -0.13684428648681338, 0.4594181710597507]], [[0.4542747984906125, -0.0868620650683265, -0.8866168220805848], [0.15875639751142331, 0.987198075342775, -0.01537420968001538], [0.8766018559264313, -0.1337719766095644, 0.46224911525509466]], [[0.4547591735789076, -0.08661475414523441, -0.8863926773716477], [0.15822678460590514, 0.9872843134268532, -0.01529604946085715], [0.8764464494692535, -0.13329504439427262, 0.4626813724870402]], [[0.45508102784324345, -0.08644887879990688, -0.8862436739064822], [0.15787178704531196, 0.9873419421595233, -0.015244282283629758], [0.876343401333297, -0.1329754888742401, 0.46296842483270484]], [[0.4553892436022961, -0.08628856741316566, -0.8861009649204712], [0.15752885534379427, 0.9873974764168926, -0.015194845645353805], [0.8762449980761989, -0.13266690142525875, 0.4632431291519625]], [[0.45750532583179016, -0.08508446981095595, -0.8851268326742476], [0.1549558946673659, 0.9878096038108408, -0.014861270510608171], [0.8756012492287552, -0.13035650981154898, 0.46511249477111877]], [[0.4574579923909837, -0.08478848446386629, -0.8851796982462589], [0.15431531857562508, 0.9879096102612197, -0.014878993268959301], [0.8757390979955784, -0.1297902727096187, 0.4650113089434863]], [[0.4556341093449049, -0.08525614798813765, -0.886075023753215], [0.15529789098487995, 0.9877510095786277, -0.015182495394595765], [0.8765159003491847, -0.1306879196441437, 0.46329315145793987]], [[0.45240772449787725, -0.0862647840101142, -0.8876292232355595], [0.15743906339334154, 0.9874036127703497, -0.015717723758763787], [0.8778041878688598, -0.1326366938744851, 0.46029046839085336]], [[0.4506920853683867, -0.08681355333741395, -0.8884481139777657], [0.1586101780460663, 0.9872115648497178, -0.01600430196642445], [0.8784756432105094, -0.13370390128230208, 0.45869795199162283]], [[0.44987442169974623, -0.08707478609778672, -0.8888368727802454], [0.15916900740362855, 0.9871193847180977, -0.016141481659778693], [0.878793623036769, -0.1342136430248179, 0.45793936959978826]], [[0.44907421934220265, -0.08732987921471591, -0.8892164178679773], [0.1597155210502866, 0.9870288954009271, -0.016276117888655243], [0.879103690110248, -0.13471247853919574, 0.4571971678104621]], [[0.44850304516241707, -0.08751159646966616, -0.88948678407877], [0.16010532763331523, 0.9869641466945825, -0.016372453607412706], [0.8793243443980702, -0.13506847765844288, 0.4566674980611947]], [[0.4479601824297989, -0.08768401610006714, -0.8897433272385065], [0.16047557074559693, 0.9869024883488691, -0.016464195059220726], [0.8795335503884798, -0.13540676440111052, 0.45616416122816417]], [[0.4452938190903654, -0.08852647062496097, -0.8909974628280578], [0.16228996917578623, 0.9865980786724708, -0.016917360874958463], [0.880554019179105, -0.13706675451284267, 0.45369298452630535]], [[0.441867340870013, -0.08959873206281993, -0.8925947122701611], [0.1646124075351255, 0.9862029700795616, -0.017505916885447094], [0.8818480642750254, -0.1391968715639617, 0.45051994692217917]], [[0.4406231165069656, -0.08998886307916684, -0.8931703498262258], [0.16546133065860003, 0.9860570503552633, -0.017721217101601416], [0.8823116327941266, -0.1399767766472217, 0.4493692075888334]], [[0.4411203661211883, -0.08984596208795248, -0.8929392620873321], [0.16515098111836338, 0.986110630469666, -0.017634566754429978], [0.882121293324461, -0.13969082863743432, 0.4498316311151821]], [[0.44237516040348257, -0.08946886815913073, -0.8923561728232698], [0.16433227141762466, 0.9862512604561174, -0.01741711381671998], [0.8816456896828753, -0.1389380182428503, 0.4509956818462208]], [[0.4431475230562534, -0.08923556922668993, -0.8919962365847584], [0.16382667978350388, 0.9863377168982173, -0.01728372787875996], [0.8813518547707807, -0.1384735405881104, 0.45171228314345885]], [[0.4440071230552303, -0.08897583781877219, -0.8915946248425577], [0.1632646946881807, 0.9864334791725134, -0.01713565494072335], [0.8810234470502282, -0.13795757132634304, 0.45251010414690945]], [[0.4448549223510688, -0.08872005121844986, -0.8911974251866399], [0.16271218758338726, 0.9865272851524132, -0.016989988107747076], [0.8806979290196648, -0.1374506027480779, 0.45329735242800334]], [[0.4463353329956771, -0.08827480941542559, -0.8905011671130958], [0.1617527086186474, 0.9866893893269195, -0.016736495405788518], [0.8801254637163058, -0.1365708865261769, 0.45467302665232046]], [[0.44729294502884104, -0.08798773616641616, -0.8900489760115528], [0.16113559269927924, 0.9867931155347316, -0.016573108730058617], [0.8797524323356836, -0.13600553463654366, 0.45556355477720506]], [[0.44756527972037974, -0.08790619829841045, -0.8899201204473451], [0.1609605266225437, 0.9868224643541407, -0.016526728341785934], [0.879645968197368, -0.13584522141373367, 0.455816900242559]], [[0.4477731545095304, -0.08784398200343445, -0.8898216883251628], [0.16082700813812306, 0.9868448250929001, -0.01649135152051246], [0.8795645943656427, -0.13572297538496877, 0.45601030512985025]], [[0.44798097893974875, -0.08778179554175966, -0.8897232148073513], [0.16069360799950558, 0.9868671462068341, -0.016456005589154256], [0.8794831476293101, -0.1356008559827291, 0.4562036836615386]], [[0.44882436325161285, -0.08752949270702791, -0.8893229328796793], [0.16015292771166761, 0.9869574116383116, -0.016312798406691843], [0.8791517109150382, -0.1351060899917528, 0.45698863633121517]], [[0.450223281549974, -0.08711081823696676, -0.8886566840934371], [0.15925763394540446, 0.9871061570026893, -0.016076096285131205], [0.878598886232028, -0.1342875280421586, 0.4582912360254405]], [[0.45149925788207257, -0.08672990473555851, -0.8880463635666689], [0.15844522762826968, 0.9872403641121049, -0.015861063769572428], [0.8780908438660769, -0.1335454496662644, 0.4594802312238809]], [[0.4538350467298328, -0.08604743099366924, -0.8869214114376839], [0.15699551083209135, 0.9874781597272206, -0.015469120033125708], [0.8771466012280851, -0.1322222512111298, 0.4616612571271574]], [[0.45561863964796123, -0.08556375456162091, -0.8860533275137337], [0.1559742828344709, 0.9876446131293947, -0.015170408203285779], [0.8764038329487688, -0.13128961153120397, 0.46333504032203926]], [[0.45696550898822197, -0.08526553844909449, -0.88538822650