{"b2imat": [[[0.6142842644893171, -0.0017453283658983086, -0.7890828829912062], [0.0010721293844842038, 0.9999984769132876, -0.0013772108363408935], [0.7890840848346907, -1.0842021724855044e-19, 0.6142852000989428]], [[0.6142842644893171, -0.0017453283658983086, -0.7890828829912062], [0.0010721293844842038, 0.9999984769132876, -0.0013772108363408935], [0.7890840848346907, -1.0842021724855044e-19, 0.6142852000989428]], [[0.6142842644893171, -0.0017453283658983086, -0.7890828829912062], [0.0010721293844842038, 0.9999984769132876, -0.0013772108363408935], [0.7890840848346907, -1.0842021724855044e-19, 0.6142852000989428]], [[0.6142842644893171, -0.0017453283658983086, -0.7890828829912062], [0.0010721293844842038, 0.9999984769132876, -0.0013772108363408935], [0.7890840848346907, -1.0842021724855044e-19, 0.6142852000989428]], [[0.6142842644893171, -0.0017453283658983086, -0.7890828829912062], [0.0010721293844842038, 0.9999984769132876, -0.0013772108363408935], [0.7890840848346907, -1.0842021724855044e-19, 0.6142852000989428]], [[0.6142842644893171, -0.0017453283658983086, -0.7890828829912062], [0.0010721293844842038, 0.9999984769132876, -0.0013772108363408935], [0.7890840848346907, -1.0842021724855044e-19, 0.6142852000989428]], [[0.6142842644893171, -0.0017453283658983086, -0.7890828829912062], [0.0010721293844842038, 0.9999984769132876, -0.0013772108363408935], [0.7890840848346907, -1.0842021724855044e-19, 0.6142852000989428]], [[0.6142842644893171, -0.0017453283658983086, -0.7890828829912062], [0.0010721293844842038, 0.9999984769132876, -0.0013772108363408935], [0.7890840848346907, -1.0842021724855044e-19, 0.6142852000989428]], [[0.6142842644893171, -0.0017453283658983086, -0.7890828829912062], [0.0010721293844842038, 0.9999984769132876, -0.0013772108363408935], [0.7890840848346907, -1.0842021724855044e-19, 0.6142852000989428]], [[0.6142842644893171, -0.0017453283658983086, -0.7890828829912062], [0.0010721293844842038, 0.9999984769132876, -0.0013772108363408935], [0.7890840848346907, -1.0842021724855044e-19, 0.6142852000989428]], [[0.6142842644893171, -0.0017453283658983086, -0.7890828829912062], [0.0010721293844842038, 0.9999984769132876, -0.0013772108363408935], [0.7890840848346907, -1.0842021724855044e-19, 0.6142852000989428]], [[0.6142842644893171, -0.0017453283658983086, -0.7890828829912062], [0.0010721293844842038, 0.9999984769132876, -0.0013772108363408935], [0.7890840848346907, -1.0842021724855044e-19, 0.6142852000989428]], [[0.6142842644893171, -0.0017453283658983086, -0.7890828829912062], [0.0010721293844842038, 0.9999984769132876, -0.0013772108363408935], [0.7890840848346907, -1.0842021724855044e-19, 0.6142852000989428]], [[0.6142842644893171, -0.0017453283658983086, -0.7890828829912062], [0.0010721293844842038, 0.9999984769132876, -0.0013772108363408935], [0.7890840848346907, -1.0842021724855044e-19, 0.6142852000989428]], [[0.6142842644893171, -0.0017453283658983086, -0.7890828829912062], [0.0010721293844842038, 0.9999984769132876, -0.0013772108363408935], [0.7890840848346907, -1.0842021724855044e-19, 0.6142852000989428]], [[0.6142842644893171, -0.0017453283658983086, -0.7890828829912062], [0.0010721293844842038, 0.9999984769132876, -0.0013772108363408935], [0.7890840848346907, -1.0842021724855044e-19, 0.6142852000989428]], [[0.6142842644893171, -0.0017453283658983086, -0.7890828829912062], [0.0010721293844842038, 0.9999984769132876, -0.0013772108363408935], [0.7890840848346907, -1.0842021724855044e-19, 0.6142852000989428]], [[0.6142842644893171, -0.0017453283658983086, -0.7890828829912062], [0.0010721293844842038, 0.9999984769132876, -0.0013772108363408935], [0.7890840848346907, -1.0842021724855044e-19, 0.6142852000989428]], [[0.6142842644893171, -0.0017453283658983086, -0.7890828829912062], [0.0010721293844842038, 0.9999984769132876, -0.0013772108363408935], [0.7890840848346907, -1.0842021724855044e-19, 0.6142852000989428]], [[0.6142842644893171, -0.0017453283658983086, -0.7890828829912062], [0.0010721293844842038, 0.9999984769132876, -0.0013772108363408935], [0.7890840848346907, -1.0842021724855044e-19, 0.6142852000989428]], [[0.6142842644893171, -0.0017453283658983086, -0.7890828829912062], [0.0010721293844842038, 0.9999984769132876, -0.0013772108363408935], [0.7890840848346907, -1.0842021724855044e-19, 0.6142852000989428]], [[0.6142842644893171, -0.0017453283658983086, -0.7890828829912062], [0.0010721293844842038, 0.9999984769132876, -0.0013772108363408935], [0.7890840848346907, -1.0842021724855044e-19, 0.6142852000989428]], [[0.6142842644893171, -0.0017453283658983086, -0.7890828829912062], [0.0010721293844842038, 0.9999984769132876, -0.0013772108363408935], [0.7890840848346907, -1.0842021724855044e-19, 0.6142852000989428]], [[0.6142842644893171, -0.0017453283658983086, -0.7890828829912062], [0.0010721293844842038, 0.9999984769132876, -0.0013772108363408935], [0.7890840848346907, -1.0842021724855044e-19, 0.6142852000989428]], [[0.6142842644893171, -0.0017453283658983086, -0.7890828829912062], [0.0010721293844842038, 0.9999984769132876, -0.0013772108363408935], [0.7890840848346907, -1.0842021724855044e-19, 0.6142852000989428]], [[0.6142842644893171, -0.0017453283658983086, -0.7890828829912062], [0.0010721293844842038, 0.9999984769132876, -0.0013772108363408935], [0.7890840848346907, -1.0842021724855044e-19, 0.6142852000989428]], [[0.6142842644893171, -0.0017453283658983086, -0.7890828829912062], [0.0010721293844842038, 0.9999984769132876, -0.0013772108363408935], [0.7890840848346907, -1.0842021724855044e-19, 0.6142852000989428]], [[0.6142842644893171, -0.0017453283658983086, -0.7890828829912062], [0.0010721293844842038, 0.9999984769132876, -0.0013772108363408935], [0.7890840848346907, -1.0842021724855044e-19, 0.6142852000989428]], [[0.6142842644893172, -0.0017453283658983036, -0.7890828829912061], [0.001072129384484196, 0.9999984769132876, -0.0013772108363408933], [0.7890840848346906, 6.2277501326787066e-18, 0.6142852000989429]], [[0.6142842644893174, -0.0017453283658982897, -0.7890828829912059], [0.0010721293844841737, 0.9999984769132876, -0.001377210836340893], [0.7890840848346904, 2.4089798076066884e-17, 0.6142852000989432]], [[0.6142842644893248, -0.001745328365897831, -0.7890828829912001], [0.0010721293844834397, 0.9999984769132876, -0.0013772108363408829], [0.7890840848346846, 6.136181327295355e-16, 0.6142852000989506]], [[0.6142842644895392, -0.0017453283658846238, -0.7890828829910332], [0.0010721293844623138, 0.9999984769132876, -0.0013772108363405916], [0.7890840848345178, 1.7578925727791914e-14, 0.614285200099165]], [[0.6142842644946286, -0.0017453283655681781, -0.789082882987072], [0.0010721293839560503, 0.9999984769132881, -0.001377210836333678], [0.7890840848305565, 4.240719312736803e-13, 0.6142852001042535]], [[0.6142842645511454, -0.0017453283619487784, -0.7890828829430828], [0.0010721293781626219, 0.9999984769132945, -0.0013772108362569023], [0.7890840847865672, 5.073402743053143e-12, 0.6142852001607602]], [[0.6142842648822234, -0.0017453283392161935, -0.7890828826853958], [0.0010721293417337854, 0.9999984769133341, -0.0013772108358071533], [0.7890840845288799, 3.427473844740573e-11, 0.6142852004917742]], [[0.6142842664935672, -0.0017453282095892355, -0.7890828814312857], [0.001072129133524665, 0.9999984769135604, -0.0013772108336183163], [0.7890840832747679, 2.0078815116335557e-10, 0.614285202102752]], [[0.6142842702021213, -0.0017453278265694983, -0.7890828785451022], [0.0010721285164744, 0.9999984769142288, -0.0013772108285809734], [0.78908408038858, 6.927994123624617e-10, 0.6142852058102235]], [[0.6142842743847952, -0.0017453272737719349, -0.789082875290202], [0.0010721276238680572, 0.9999984769151936, -0.001377210822900102], [0.7890840771336749, 1.4029002169949067e-09, 0.6142852099913332]], [[0.6142842784176724, -0.0017453265909578447, -0.7890828721522029], [0.001072126519344647, 0.9999984769163853, -0.0013772108174232665], [0.7890840739956709, 2.2800148458101327e-09, 0.6142852140222765]], [[0.6142842822060265, -0.0017453254362901668, -0.7890828692056034], [0.0010721246462577602, 0.9999984769184006, -0.0013772108122804929], [0.7890840710490671, 3.763252985294695e-09, 0.6142852178073557]], [[0.614284283450079, -0.0017453243884115977, -0.7890828682394527], [0.0010721229425736374, 0.9999984769202295, -0.0013772108105942486], [0.7890840700829149, 5.109314262757711e-09, 0.6142852190484328]], [[0.6142842836235537, -0.001745323767647069, -0.7890828681057794], [0.001072121932325608, 0.9999984769213129, -0.001377210810360946], [0.7890840699492414, 5.906722586457183e-09, 0.614285219220144]], [[0.6142842836013056, -0.0017453234705201819, -0.7890828681237563], [0.0010721214485899819, 0.9999984769218315, -0.0013772108103923212], [0.7890840699672182, 6.288399441414957e-09, 0.6142852191970517]], [[0.6142842835717587, -0.0017453233345346882, -0.7890828681470586], [0.001072121227165826, 0.9999984769220689, -0.0013772108104329914], [0.7890840699905207, 6.4630807570650975e-09, 0.6142852191671184]], [[0.6142842835333054, -0.0017453232054125537, -0.7890828681772792], [0.0010721210168990792, 0.9999984769222943, -0.001377210810485736], [0.7890840700207414, 6.6289456864149616e-09, 0.6142852191282983]], [[0.6142842834817206, -0.0017453230676937029, -0.7890828682177415], [0.001072120792614705, 0.9999984769225346, -0.0013772108105563556], [0.7890840700612038, 6.805853600575317e-09, 0.614285219076322]], [[0.614284283392942, -0.0017453228762558531, -0.7890828682872771], [0.0010721204808155451, 0.9999984769228687, -0.0013772108106777173], [0.7890840701307396, 7.051766709197325e-09, 0.6142852189869995]], [[0.6142842831926296, -0.0017453225397847548, -0.7890828684439604], [0.0010721199327201748, 0.9999984769234559, -0.0013772108109511788], [0.789084070287423, 7.483983503781801e-09, 0.6142852187857308]], [[0.6142842825366607, -0.0017453217546167946, -0.7890828689563549], [0.0010721186533899666, 0.9999984769248262, -0.0013772108118454685], [0.7890840707998183, 8.492577646976508e-09, 0.61428521812753]], [[0.6142842794662046, -0.001745319416413661, -0.7890828713518117], [0.0010721148416391322, 0.9999984769289071, -0.0013772108160262835], [0.7890840731952786, 1.149613626998291e-08, 0.6142852150504259]], [[0.6142842411585373, -0.0017453029845912822, -0.7890829012098609], [0.0010720880251972858, 0.9999984769575853, -0.0013772108681370573], [0.7890841030533727, 3.2603773838140507e-08, 0.614285176696014]], [[0.6142824797414915, -0.0017447434105292983, -0.7890842736698499], [0.0010711740115421163, 0.9999984779337747, -0.0013772132624255509], [0.7890854755150931, 7.514111039059814e-07, 0.614283413686675]], [[0.6142822492935539, -0.0017446684213848589, -0.789084453233588], [0.0010710515331311134, 0.9999984780645319, -0.0013772135755275349], [0.7890856550790066, 8.477395269103065e-07, 0.6142831830253994]], [[0.6142821836601741, -0.0017446469619002225, -0.7890845043749531], [0.0010710164842822549, 0.9999984781019476, -0.00137721366469525], [0.7890857062204194, 8.753056383601913e-07, 0.6142831173309713]], [[0.6142821427231213, -0.0017446335546130697, -0.7890845362730471], [0.001070994586857836, 0.9999984781253234, -0.001377213720309815], [0.7890857381185425, 8.925281779346661e-07, 0.6142830763557777]], [[0.614282101206173, -0.0017446199398733816, -0.78908456862303], [0.0010709723507039237, 0.9999984781490603, -0.0013772137767110934], [0.7890857704685547, 9.100172057806459e-07, 0.6142830348000987]], [[0.6142820593910912, -0.0017446062096345986, -0.7890846012053538], [0.0010709499260049852, 0.999998478172998, -0.001377213833516271], [0.7890858030509075, 9.276546017264416e-07, 0.614282992945958]], [[0.6142820164541674, -0.0017445920926345256, -0.7890846346618539], [0.0010709268697303897, 0.9999984781976096, -0.0013772138918442837], [0.7890858365074368, 9.457888200299727e-07, 0.6142829499688757]], [[0.6142819724506663, -0.001744577605746652, -0.7890846689494705], [0.0010709032094451433, 0.9999984782228655, -0.0013772139516199644], [0.789085870795083, 9.643981857410915e-07, 0.6142829059241641]], [[0.6142819281726025, -0.0017445630089675875, -0.7890847034510657], [0.0010708793697849941, 0.9999984782483123, -0.0013772140117673576], [0.7890859052967075, 9.831487161206034e-07, 0.6142828616045778]], [[0.6142818862617094, -0.001744549174655125, -0.7890847361081904], [0.0010708567754889584, 0.9999984782724295, -0.001377214068698014], [0.7890859379538595, 1.0009198096062985e-06, 0.6142828196543315]], [[0.6142818428209763, -0.001744534817110134, -0.7890847699574085], [0.0010708333267407618, 0.9999984782974582, -0.0013772141277055639], [0.7890859718031055, 1.0193630320959005e-06, 0.6142827761727572]], [[0.6142817940464429, -0.0017445186747112268, -0.7890848079627919], [0.001070806963082568, 0.9999984783255977, -0.0013772141939568008], [0.7890860098085196, 1.0400990207800026e-06, 0.6142827273523058]], [[0.6142817445610272, -0.00174450227344267, -0.7890848465221455], [0.0010707801767624908, 0.9999984783541879, -0.0013772142611720593], [0.7890860483679037, 1.061167547512235e-06, 0.6142826778202365]], [[0.614281699379889, -0.0017444872781640084, -0.7890848817276194], [0.0010707556867918663, 0.9999984783803265, -0.0013772143225394926], [0.7890860835734049, 1.0804299885457488e-06, 0.6142826325964443]], [[0.6142816560425586, -0.0017444728764807816, -0.7890849154964211], [0.0010707321663635091, 0.9999984784054299, -0.0013772143814013158], [0.7890861173422324, 1.0989299185779256e-06, 0.6142825892181489]], [[0.6142815961858887, -0.0017444529558329521, -0.7890849621372851], [0.001070699632667009, 0.9999984784401523, -0.0013772144626980902], [0.7890861639831313, 1.1245193330214017e-06, 0.6142825293048163]], [[0.6142815342013431, -0.0017444322914574675, -0.7890850104362797], [0.001070665884523985, 0.99999847847617, -0.0013772145468824513], [0.789086212282161, 1.1510641199817553e-06, 0.6142824672614933]], [[0.6142813764854504, -0.0017443795513345554, -0.7890851333304412], [0.0010705797525174692, 0.99999847856809, -0.0013772147610730252], [0.7890863351764075, 1.2188123919000185e-06, 0.6142823093955914]], [[0.6142808426609279, -0.0017441993880457606, -0.7890855492963194], [0.0010702855290966613, 0.9999984788820385, -0.0013772154859261706], [0.7890867511425258, 1.450244589265774e-06, 0.6142817750586701]], [[0.6142790251561012, -0.0017435688338798183, -0.7890869655627257], [0.0010692558621904873, 0.9999984799801509, -0.0013772179523669716], [0.7890881674091755, 2.260237501416689e-06, 0.6142799557609874]], [[0.6142739131125694, -0.001741684017605348, -0.7890909492613339], [0.0010661785834033737, 0.9999984832562829, -0.001377224876841333], [0.789092151103152, 4.681443873428876e-06, 0.6142748383626703]], [[0.6142732332558233, -0.00174142323789233, -0.7890914790761222], [0.0010657528626764829, 0.999998483708821, -0.0013772257962436645], [0.7890926809166794, 5.016440042923352e-06, 0.6142741577655397]], [[0.6142729889975758, -0.0017413290356692365, -0.7890916694283197], [0.0010655990805288533, 0.9999984838722484, -0.001377226126477507], [0.7890928712683847, 5.137451841095301e-06, 0.61427391323987]], [[0.6142728348904174, -0.0017412694657646056, -0.7890917895253609], [0.0010655018351287153, 0.9999984839755816, -0.0013772263348042237], [0.7890929913651047, 5.213975141654768e-06, 0.6142737589636119]], [[0.6142726792768715, -0.001741209207871041, -0.7890919107965225], [0.0010654034670676692, 0.9999984840800985, -0.001377226545148376], [0.7890931126359334, 5.2913822618543325e-06, 0.6142736031790196]], [[0.6142725148418671, -0.0017411454195842752, -0.7890920389425272], [0.0010652993363015014, 0.9999984841907285, -0.0013772267673958414], [0.7890932407815772, 5.3733245495049476e-06, 0.6142734385629542]], [[0.6142722967363738, -0.0017410606313755762, -0.7890922089148371], [0.00106516092511808, 0.9999984843377625, -0.0013772270621504631], [0.7890934107533935, 5.4822433434557884e-06, 0.6142732202168035]], [[0.6142717638484125, -0.001740852622200614, -0.7890926242024485], [0.0010648213674058367, 0.9999984846983974, -0.00137722778215345], [0.7890938260397273, 5.749451851324961e-06, 0.6142726867384946]], [[0.6142700321037848, -0.001740168637622943, -0.7890939737904014], [0.0010637048531149727, 0.9999984858834439, -0.0013772301204033502], [0.7890951756228145, 6.628100789835472e-06, 0.6142709530531849]], [[0.6142672740340597, -0.0017390557396135947, -0.7890961232548914], [0.001061888291841003, 0.99999848780896, -0.001377233839381296], [0.7890973250772182, 8.057741802715868e-06, 0.614268191827521]], [[0.6142606558726026, -0.001736281825060172, -0.7891012811878986], [0.0010573608991406047, 0.9999984925940495, -0.0013772427371331096], [0.7891024829734659, 1.1621186817322204e-05, 0.6142615658089471]], [[0.6142599803668694, -0.0017359912853505252, -0.789101807661058], [0.001056886728264092, 0.9999984930940597, -0.0013772436431779731], [0.7891030094418198, 1.1994425452720516e-05, 0.6142608894810065]], [[0.6142593404824376, -0.0017357148865954517, -0.7891023063734589], [0.0010564356402222082, 0.9999984935695262, -0.0013772445010726833], [0.7891035081494815, 1.2349498677503498e-05, 0.6142602488145162]], [[0.6142578869532571, -0.0017350828355962814, -0.7891034392291496], [0.0010554041361378736, 0.9999984946560314, -0.001377246448470271], [0.7891046409937208, 1.316145964816027e-05, 0.6142587934974536]], [[0.6142563748884032, -0.0017344192679100128, -0.7891046177147613], [0.0010543212187050374, 0.999998495795575, -0.0013772484722831024], [0.7891058194663915, 1.4013911670409598e-05, 0.614257279556283]], [[0.6142546022612897, -0.0017336336833939437, -0.7891059992897503], [0.0010530392014903576, 0.9999984971431491, -0.0013772508422086169], [0.7891072010248449, 1.5023116911550287e-05, 0.6142555047087829]], [[0.6142521023018696, -0.0017325121288814837, -0.7891079477609231], [0.001051208952838124, 0.9999984990642042, -0.0013772541796549219], [0.7891091494701294, 1.6463935815071005e-05, 0.6142530015811631]], [[0.6142436610230027, -0.0017286147081485086, -0.789114527039167], [0.0010448491808684067, 0.9999985057139792, -0.0013772654054514406], [0.7891157286375984, 2.1470877656588667e-05, 0.6142445493089492]], [[0.6142383511169647, -0.0017260823648227324, -0.7891186657637628], [0.0010407171875603599, 0.9999985100130817, -0.0013772724317254869], [0.7891198672729308, 2.472418901686793e-05, 0.6142392322734417]], [[0.6142360088874288, -0.0017249469070832204, -0.7891204913979925], [0.001038864531147101, 0.9999985119352034, -0.0013772755221937354], [0.7891216928627222, 2.618293057588336e-05, 0.6142368868506077]], [[0.6142345499442287, -0.0017242341558381933, -0.7891216285664623], [0.0010377015950459203, 0.9999985131400146, -0.0013772774444268652], [0.7891228300019019, 2.7098618577220093e-05, 0.614235425903989]], [[0.6142330601102292, -0.0017235020667148515, -0.7891227898167994], [0.0010365071192694835, 0.9999985143761121, -0.0013772794051435217], [0.7891239912210345, 2.803915402519193e-05, 0.6142339340130851]], [[0.614230441468147, -0.0017222051780165868, -0.789124830925481], [0.0010343911460129588, 0.999998516562359, -0.0013772828459746598], [0.7891260322716532, 2.970531230122976e-05, 0.6142313117293783]], [[0.6142277665464343, -0.0017208675273687219, -0.7891269159129799], [0.0010322087025531476, 0.9999985188126502, -0.0013772863534949418], [0.7891281171955371, 3.142385077777654e-05, 0.614228633054475]], [[0.6142237505069638, -0.0017188357584124352, -0.7891300462641083], [0.0010288938344688563, 0.999998522221563, -0.0013772916056339199], [0.7891312474428044, 3.40341763589593e-05, 0.6142246113198647]], [[0.6142162978904405, -0.0017149947817080079, -0.7891358553497992], [0.0010226273960389917, 0.9999985286360765, -0.0013773013070460067], [0.7891370563083263, 3.8968965016094836e-05, 0.6142171479553871]], [[0.6142082929515824, -0.0017107734508829274, -0.7891420950143908], [0.0010157406588394583, 0.999998535640679, -0.0013773116608723798], [0.7891432956950323, 4.4392532578864606e-05, 0.6142091312320963]], [[0.6141992704453912, -0.0017059046399852643, -0.7891491279053076], [0.0010077978708009751, 0.9999985436610028, -0.0013773232462316767], [0.7891503282187754, 5.0648122155557574e-05, 0.6142000951701062]], [[0.6141925474981048, -0.0017022044871097379, -0.7891543683574661], [0.0010017617423965927, 0.9999985497141837, -0.0013773318192995944], [0.7891555683584827, 5.5402283780158656e-05, 0.6141933619466982]], [[0.61419004645654, -0.0017008127979213188, -0.7891563178924303], [0.0009994914850013767, 0.9999985519814923, -0.0013773349954414962], [0.7891575177684648, 5.7190424767906395e-05, 0.6141908570458952]], [[0.6141877982255846, -0.0016995549045050974, -0.7891580703660922], [0.00099743950181186, 0.9999985540264058, -0.0013773378443792653], [0.7891592701256502, 5.880666549530921e-05, 0.6141886053294442]], [[0.6141857217145583, -0.0016983873691649117, -0.7891596889871595], [0.0009955349295855855, 0.9999985559206733, -0.001377340470512724], [0.7891608886356262, 6.030681552091163e-05, 0.6141865255856054]], [[0.6141823734675528, -0.0016964933613717323, -0.7891622989170461], [0.0009924453022297814, 0.999998558985919, -0.001377344694408618], [0.7891634983791924, 6.274041723774873e-05, 0.6141831720989717]], [[0.6141768326102768, -0.0016933285663244724, -0.789166617973146], [0.000987282741715666, 0.9999985640865716, -0.0013773516554022763], [0.7891678171071068, 6.680689484248381e-05, 0.6141776224995856]], [[0.6141678049832634, -0.0016880927301852976, -0.7891736549486262], [0.0009787419445628687, 0.9999985724667793, -0.0013773629185712983], [0.7891748534933473, 7.353460272207038e-05, 0.6141685804454806]], [[0.6141509816206246, -0.0016780817551480661, -0.789186768652418], [0.0009624122683544673, 0.9999985882874656, -0.0013773836435467988], [0.7891879659099276, 8.639848857835211e-05, 0.6141517296224549]], [[0.614134057314543, -0.0016676895384772632, -0.7891999610098697], [0.0009454611966499048, 0.9999986044295122, -0.0013774041359250627], [0.7892011567081636, 9.975285102504037e-05, 0.6141347769829242]], [[0.6141143764346516, -0.0016552125059945057, -0.7892153020106983], [0.000925110025181285, 0.9999986234315128, -0.0013774275010429865], [0.7892164955370107, 0.00011578704297038029, 0.6141150623178371]], [[0.6140896823181135, -0.0016389734811844265, -0.7892345505845302], [0.000898623353861555, 0.9999986475444854, -0.0013774560855756512], [0.7892357407939066, 0.00013665697116861498, 0.6140903246089833]], [[0.6140477726900562, -0.0016099369798487796, -0.7892672177135579], [0.0008512646946701671, 0.9999986889165828, -0.001377502644167569], [0.7892684006108447, 0.00017397711342565414, 0.6140483381047163]], [[0.6140307232121684, -0.001597586551780512, -0.7892805069610865], [0.0008311214890883692, 0.9999987058358508, -0.0013775208504836042], [0.7892816862113373, 0.00018985213380836728, 0.6140312563441345]], [[0.614027587352558, -0.0015952804584513907, -0.7892829511970054], [0.000827360336506335, 0.9999987089502094, -0.0013775241514083132], [0.7892841297307773, 0.00019281642310805836, 0.6140281144841475]], [[0.6140244512514984, -0.001592963357133951, -0.7892853956162105], [0.0008235812367422384, 0.9999987120652231, -0.0013775274375886753], [0.7892865734188331, 0.00019579488668508297, 0.6140249723627862]], [[0.6140213652493535, -0.0015906726527505145, -0.7892878009812584], [0.0008198451955123428, 0.9999987151307472, -0.001377530656562545], [0.7892889780499761, 0.00019873944290438482, 0.6140218804175135]], [[0.6140135558308156, -0.0015848284304355905, -0.7892938879624259], [0.0008103135448593551, 0.9999987228886781, -0.0013775387368362], [0.7892950631088206, 0.00020625192980882866, 0.6140140558750959]], [[0.6140000174037744, -0.0015745338026769292, -0.7893044402963078], [0.0007935235816037374, 0.9999987363338927, -0.0013775525191125856], [0.7893056118820456, 0.0002194855842700808, 0.6140004909424658]], [[0.613979420978769, -0.0015584651775585176, -0.7893204937165034], [0.0007673167568537591, 0.9999987567581414, -0.0013775729258076674], [0.7893216592996612, 0.0002401425859866644, 0.613979853490299]], [[0.6139525771482769, -0.0015367510183295382, -0.789341416251102], [0.0007319028114265096, 0.9999987832696179, -0.0013775984749222793], [0.7893425728612793, 0.00026805893222450424, 0.6139529548859147]], [[0.6139212972741134, -0.0015102637696694926, -0.7893657959758672], [0.0006887048757415711, 0.9999988139144469, -0.0013776266886112055], [0.7893669403001775, 0.0003021142913994257, 0.6139216092369547]], [[0.6139035413385163, -0.0014946096550943516, -0.7893796349501335], [0.0006631749111467902, 0.9999988311501954, -0.0013776419272698579], [0.7893807713208284, 0.0003222424885782434, 0.6139038149651082]], [[0.6138863222987976, -0.001478959535787103, -0.7893930554376235], [0.0006376516657472226, 0.9999988477312821, -0.0013776561475222714], [0.7893941833423972, 0.00034236646906568607, 0.6138865579978046]], [[0.6138843941992395, -0.0014771765828276691, -0.7893945581950603], [0.0006347439221946027, 0.9999988495790387, -0.001377657704901427], [0.789395685102716, 0.0003446591675595183, 0.6138846256026235]], [[0.6138835191533019, -0.0014763653091322056, -0.789395240204443], [0.0006334208507418602, 0.9999988504170055, -0.0013776584093509474], [0.7893963666561835, 0.0003457023879016258, 0.6138837486038187]], [[0.6138829709078847, -0.0014758563466779652, -0.7893956675060687], [0.0006325908060237236, 0.9999988509418223, -0.0013776588499631514], [0.78939679367108, 0.00034635686613361934, 0.6138831991337936]], [[0.6138824703498015, -0.0014753912005743836, -0.7893960576402881], [0.0006318322196919502, 0.9999988514208563, -0.0013776592517457066], [0.7893971835427788, 0.000346955001446975, 0.6138826974568975]], [[0.6138804329307433, -0.0014734934191905562, -0.7893976456019522], [0.0006287372135238563, 0.9999988533693475, -0.0013776608821411626], [0.7893987704286597, 0.000349395382702502, 0.6138806554767695]], [[0.613877817866975, -0.0014710468887324938, -0.789399683779979], [0.0006247472821528828, 0.9999988558671421, -0.0013776629630322906], [0.7894008072086796, 0.00035254142652852615, 0.6138780345417396]], [[0.6138752175781954, -0.001468602089840518, -0.7894017104435636], [0.0006207601803613804, 0.999998858347295, -0.001377665019008721], [0.7894028324626927, 0.0003556852651413181, 0.613875428395592]], [[0.6138726022926211, -0.0014661308400594729, -0.7894037487970551], [0.0006167299469574056, 0.9999988608381544, -0.0013776670735423865], [0.7894048693786088, 0.0003588631394047391, 0.6138728071991708]], [[0.6138658697362676, -0.0014597107181201752, -0.7894089961595029], [0.0006062597303717173, 0.9999988672334438, -0.0013776723007071503], [0.7894101129464174, 0.0003671191199204909, 0.6138660593333678]], [[0.613855313363179, -0.0014494680635635097, -0.7894172238418192], [0.0005895556471550425, 0.9999988772099138, -0.0013776803149707704], [0.7894183343956058, 0.0003802909991832642, 0.6138554786746021]], [[0.6138387370292687, -0.0014329191078793148, -0.7894301436258572], [0.0005625672652065768, 0.9999988927401916, -0.0013776924411599597], [0.7894312436434124, 0.0004015734311251657, 0.6138388634636912]], [[0.613837987935453, -0.0014321570403631903, -0.7894307274825102], [0.0005613244770486618, 0.9999988934378357, -0.0013776929756588708], [0.7894318270010315, 0.000402553493900983, 0.6138381125903632]], [[0.6138376343945183, -0.0014317969336568835, -0.7894310030385691], [0.0005607372112709206, 0.9999988937669633, -0.0013776932275095326], [0.7894321023208531, 0.000403016612561147, 0.6138377582088688]], [[0.6138374855980162, -0.0014316452884505244, -0.7894311190132247], [0.0005604899067297641, 0.9999988939054598, -0.0013776933334283775], [0.789432218195945, 0.00040321163745152836, 0.6138376090584601]], [[0.6138373368442067, -0.0014314936360828217, -0.7894312349546226], [0.0005602425905367554, 0.9999988940439019, -0.001377693439270162], [0.7894323340377262, 0.00040340667162772363, 0.6138374599507648]], [[0.613837151510965, -0.0014313046205620904, -0.7894313794067137], [0.0005599343421790531, 0.9999988942163668, -0.0013776935710737507], [0.7894324783655899, 0.0004036497571992789, 0.6138372741765015]], [[0.6138369662438339, -0.0014311155937146458, -0.7894315238073045], [0.0005596260753915099, 0.9999988943887472, -0.001377693702757873], [0.789432622641871, 0.0004038928574555053, 0.6138370884683807]], [[0.6138367865522222, -0.0014309321802365477, -0.7894316638622599], [0.0005593269629803305, 0.999998894555918, -0.0013776938304098005], [0.7894327625761365, 0.00040412873868298643, 0.6138369083489307]], [[0.6138364338234834, -0.0014305719296788138, -0.7894319387856189], [0.0005587394631247753, 0.9999988948840053, -0.0013776940807879905], [0.7894330372622375, 0.00040459204379999424, 0.6138365547800152]], [[0.6138360813332063, -0.0014302116363930978, -0.7894322135232178], [0.0005581518937403211, 0.9999988952117869, -0.0013776943307341832], [0.7894333117622776, 0.00040505540429524705, 0.6138362014496732]], [[0.6138356838724153, -0.0014298050331068028, -0.7894325233118095], [0.0005574888017922203, 0.9999988955812856, -0.0013776946122530714], [0.7894336212824488, 0.0004055783229627957, 0.6138358030410942]], [[0.6138352362895488, -0.0014293467173657423, -0.7894328721666677], [0.0005567413769848214, 0.9999988959972516, -0.0013776949288726546], [0.7894339698343323, 0.0004061677479123052, 0.6138353543902215]], [[0.6138347045152613, -0.001428801587414568, -0.7894332866421865], [0.0005558523752225532, 0.9999988964912835, -0.0013776953044971863], [0.7894343839489127, 0.0004068688226882864, 0.6138348213460716]], [[0.6138338936099056, -0.0014279690491632983, -0.7894339186785027], [0.0005544946666553428, 0.9999988972442606, -0.0013776958761334715], [0.7894350154327894, 0.0004079395262732609, 0.6138340085022793]], [[0.6138323890615817, -0.0014264202885061947, -0.7894350913559078], [0.0005519689402968118, 0.9999988986401182, -0.001377696933038414], [0.7894361870786268, 0.0004099313490009454, 0.6138325003509103]], [[0.6138301796732061, -0.0014241362965863493, -0.7894368134044467], [0.000548244200403766, 0.9999989006869981, -0.001377698476317396], [0.7894379075967007, 0.0004128687487191905, 0.6138302856561748]], [[0.6138279792745825, -0.0014218500263123357, -0.7894385284505592], [0.0005445157511322238, 0.9999989027220472, -0.0013777000029142755], [0.7894396210998534, 0.0004158090955434814, 0.6138280799544101]], [[0.6138254589314412, -0.001419216954630653, -0.7894404928750743], [0.000540221745823943, 0.9999989050485927, -0.0013777017386591506], [0.7894415837337628, 0.0004191954807180098, 0.613825553514253]], [[0.6138208972757311, -0.0014144115810436303, -0.7894440483704307], [0.0005323851782965062, 0.9999989092470957, -0.0013777048451716065], [0.7894451359237317, 0.00042537571379754925, 0.6138209807605675]], [[0.6138156360617283, -0.0014088043609367124, -0.7894481491500297], [0.0005232409999123127, 0.9999989140686598, -0.0013777083714341045], [0.7894492327851061, 0.0004325873013792055, 0.6138157066442956]], [[0.6138104205188335, -0.001403175341335409, -0.7894522143622458], [0.0005140613084157057, 0.99999891882499, -0.001377711806464223], [0.7894532939974757, 0.0004398270250328332, 0.613810478200499]], [[0.6138034739307702, -0.0013955657838291746, -0.789457628873558], [0.0005016518544194831, 0.9999989251210475, -0.001377716286522323], [0.7894587029958794, 0.00044961415924837277, 0.6138035142544996]], [[0.613801882149906, -0.001393803611303552, -0.7894588695940562], [0.0004987781621746526, 0.99999892655712, -0.001377717297642363], [0.7894599424223997, 0.0004518806262747618, 0.6138019184674508]], [[0.6138008392302201, -0.0013926452593879834, -0.7894596825040897], [0.0004968891623974372, 0.9999989274966203, -0.001377717956966922], [0.7894607544782949, 0.0004533704778228361, 0.6138008729170832]], [[0.6137997978748307, -0.0013914856311788156, -0.7894604941962291], [0.0004949980828159328, 0.9999989284335866, -0.0013777186128054095], [0.7894615653125335, 0.0004548619749822993, 0.6137998289303037]], [[0.6137982462201241, -0.0013897521274989007, -0.7894617036475697], [0.0004921711507960589, 0.9999989298275783, -0.0013777195853838294], [0.7894627734761526, 0.0004570915900980684, 0.6137982733460736]], [[0.6137966922380971, -0.0013880092410875715, -0.7894629149161578], [0.0004893289211921653, 0.9999989312210699, -0.0013777205538323038], [0.7894639834436897, 0.0004593332822935605, 0.6137967154181907]], [[0.6137961233559793, -0.001387369497991859, -0.7894633583384645], [0.0004882856545386427, 0.9999989317305402, -0.0013777209069593464], [0.7894644263868333, 0.00046015611909755764, 0.6137961450889508]], [[0.6137956158954492, -0.0013867980522337597, -0.7894637538853116], [0.00048735376475353626, 0.9999989321847018, -0.0013777212213237743], [0.7894648215049452, 0.0004608911129821897, 0.6137956363363534]], [[0.6137951254955226, -0.0013862451222936853, -0.7894641361343756], [0.00048645207013519394, 0.9999989326233223, -0.0013777215245489676], [0.7894652033385131, 0.0004616022927383558, 0.6137951446867314]], [[0.6137941972909883, -0.0013851966863642018, -0.7894648596372424], [0.00048474232636770893, 0.9999989334527813, -0.0013777220969410536], [0.7894659260517766, 0.0004629507959358764, 0.6137942141139596]], [[0.6137909778866937, -0.0013815411035599946, -0.7894673690590859], [0.0004787809702254906, 0.9999989363220235, -0.0013777240665858387], [0.7894684327024607, 0.0004676526491682786, 0.6137909864663393]], [[0.6137828913819618, -0.0013722254917011682, -0.7894736722931286], [0.00046358956454068713, 0.9999989434733307, -0.0013777289056527298], [0.7894747287478653, 0.0004796346752973289, 0.6137828790533871]], [[0.6137785365106108, -0.00136712779424014, -0.7894770668489912], [0.00045527654853177703, 0.9999989472891083, -0.0013777314466215337], [0.7894781192928391, 0.0004861915968720107, 0.6137785128004849]], [[0.6137773091538595, -0.0013656806491481324, -0.7894780235600048], [0.000452916636896911, 0.9999989483597621, -0.0013777321544342378], [0.7894790748552926, 0.00048805300314857733, 0.6137772822204318]], [[0.613776104355945, -0.00136425559621481, -0.7894789626888786], [0.0004505927538155981, 0.999998949408636, -0.0013777328456570294], [0.7894800128488444, 0.0004898859989731371, 0.6137760742517573]], [[0.6137744885219728, -0.0013623373131272883, -0.7894802222200601], [0.0004474645464984977, 0.9999989508120226, -0.0013777337671130965], [0.7894812708450223, 0.0004923534286240579, 0.6137744541548076]], [[0.6137715156607526, -0.001358786714283809, -0.7894825395549715], [0.0004416744778666185, 0.9999989533838007, -0.0013777354456247885], [0.7894835853183771, 0.0004969204841979135, 0.6137714734189552]], [[0.613767931861368, -0.0013544693478267848, -0.7894853331325443], [0.00043463403482861546, 0.9999989564658565, -0.0013777374399124441], [0.7894863753807764, 0.0005024738633656239, 0.6137678800720535]], [[0.613766184986407, -0.001352350021565731, -0.7894866948319335], [0.000431178000345903, 0.999998957960673, -0.0013777384003577232], [0.7894877353403059, 0.0005051999475195043, 0.6137661285214836]], [[0.6137646108280128, -0.0013504317951774532, -0.7894879219019784], [0.0004280499077864127, 0.9999989593033632, -0.0013777392592653009], [0.7894889608274557, 0.0005076673681168122, 0.6137645501374528]], [[0.61376253140755, -0.0013478855037604939, -0.7894895428343968], [0.00042389762160267993, 0.9999989610705801, -0.001377740384255158], [0.789490579646777, 0.000510942686375167, 0.6137624651170593]], [[0.6137577718406252, -0.001342003666843663, -0.7894932529992825], [0.0004143060205519739, 0.9999989650869512, -0.0013777429177769193], [0.7894942848784618, 0.0005185086154811967, 0.6137576926548979]], [[0.6137569451407114, -0.0013409743374975995, -0.789493897430099], [0.00041262748077189017, 0.9999989657803742, -0.0013777433519076272], [0.7894949284384957, 0.0005198326728733851, 0.6137568637040968]], [[0.6137561195465969, -0.001339944088660244, -0.7894945410000898], [0.0004109474425278262, 0.9999989664715987, -0.0013777437836981494], [0.7894955711346989, 0.0005211579158983538, 0.6137560358588131]], [[0.613755286096962, -0.0013389017006533407, -0.7894951906948339], [0.0004092476097793321, 0.9999989671680986, -0.001377744217809659], [0.7894962199430925, 0.000522498776846062, 0.6137552001332444]], [[0.6137543665065169, -0.0013377488426293503, -0.7894959075398794], [0.00040736763358375003, 0.9999989679350509, -0.0013777446946997176], [0.7894969358051979, 0.0005239817427245626, 0.6137542780277292]], [[0.6137523453345052, -0.001335204831129181, -0.7894974831020382], [0.0004032190947949551, 0.9999989696149945, -0.0013777457351304859], [0.7894985091884325, 0.0005272542157316472, 0.6137522513133757]], [[0.6137484898463064, -0.001330312949388922, -0.7895004885868246], [0.0003952418822489132, 0.9999989727970506, -0.0013777476901632522], [0.7895015104451887, 0.0005335469050814384, 0.6137483851974425]], [[0.61374550561072, -0.0013264908670961395, -0.7895028149187442], [0.0003890092106457223, 0.9999989752389952, -0.0013777491764826598], [0.7895038334387472, 0.0005384634980909854, 0.613745392685425]], [[0.6137425368318539, -0.0013226572470116653, -0.7895051292176682], [0.0003827577367971563, 0.9999989776493333, -0.001377750631583738], [0.7895061443584317, 0.0005433949713007898, 0.6137424156290575]], [[0.6137394756516278, -0.0013186711294286106, -0.7895075155648089], [0.0003762575986617683, 0.9999989801141551, -0.0013777521072029471], [0.7895085271591978, 0.0005485226539208271, 0.6137393458674576]], [[0.6137380620175362, -0.001316818865387455, -0.789508617571103], [0.00037323712718349535, 0.999998981245143, -0.0013777527800870244], [0.789509627506218, 0.0005509053928810303, 0.6137379282545958]], [[0.6137366610380339, -0.0013149759496727234, -0.7895097097161864], [0.00037023190269894966, 0.9999989823613784, -0.0013777534415900035], [0.789510717993255, 0.000553276114947588, 0.6137365233219528]], [[0.613734396531324, -0.0013119817653044167, -0.7895114750389501], [0.0003653493215711481, 0.9999989841556902, -0.001377754499494699], [0.7895124806069922, 0.000557127844537577, 0.6137342524043782]], [[0.6137313387790714, -0.0013079083400716822, -0.7895138587613408], [0.0003587068464568938, 0.9999989865585179, -0.001377755905620807], [0.7895148606136863, 0.000562367949957134, 0.6137311859539506]], [[0.6137295418779558, -0.0013054981054355414, -0.7895152595744879], [0.00035477651806050363, 0.9999989879595095, -0.0013777567198720426], [0.7895162592118659, 0.0005654685257588705, 0.613729383918882]], [[0.6137277511439628, -0.0013030838906142816, -0.789516655586282], [0.0003508397037019589, 0.9999989893473452, -0.0013777575223873114], [0.7895176529928116, 0.0005685742363227882, 0.6137275880519485]], [[0.613722986077892, -0.0012965994295293238, -0.7895203703449043], [0.0003402656375594877, 0.9999989929983639, -0.0013777596140219623], [0.7895213616989302, 0.0005769160922334691, 0.613722809246073]], [[0.6137219390546856, -0.001295162714579882, -0.7895211865912779], [0.0003379228227156031, 0.9999989937921784, -0.0013777600650155804], [0.7895221765923514, 0.0005787643506867729, 0.6137217591879112]], [[0.6137209416220256, -0.0012937900213835383, -0.7895219641795628], [0.00033568440792977665, 0.9999989945454973, -0.0013777604917482049], [0.7895229528839259, 0.0005805302532321606, 0.6137207588586794]], [[0.6137200124878606, -0.001292507772442107, -0.7895226885248824], [0.0003335934794443283, 0.99999899524466, -0.0013777608867073091], [0.7895236760144005, 0.0005821798078300376, 0.6137198270215664]], [[0.6137184236288648, -0.0012903070957077437, -0.7895239271903671], [0.0003300048984659592, 0.9999989964344268, -0.001377761556378206], [0.7895249125868478, 0.0005850108870879795, 0.6137182335298459]], [[0.6137170306940329, -0.00128836945717256, -0.7895250131188], [0.00032684524923625027, 0.9999989974713352, -0.0013777621375041218], [0.7895259966640008, 0.0005875035883406237, 0.6137168365225546]], [[0.6137156417219738, -0.0012864295303589872, -0.7895260959619064], [0.0003236818712109016, 0.9999989984994772, -0.0013777627114020792], [0.789527077645747, 0.000589999242457944, 0.613715443479356]], [[0.613714334269387, -0.0012845962976837533, -0.7895271152561102], [0.00032069247837697055, 0.99999