{"b2imat": [[[0.6142842644893171, -0.0017453283658983086, -0.7890828829912062], [0.0010721293844842038, 0.9999984769132876, -0.0013772108363408935], [0.7890840848346907, -1.0842021724855044e-19, 0.6142852000989428]], [[0.6142842644893171, -0.0017453283658983086, -0.7890828829912062], [0.0010721293844842038, 0.9999984769132876, -0.0013772108363408935], [0.7890840848346907, -1.0842021724855044e-19, 0.6142852000989428]], [[0.6142842644893171, -0.0017453283658983086, -0.7890828829912062], [0.0010721293844842038, 0.9999984769132876, -0.0013772108363408935], [0.7890840848346907, -1.0842021724855044e-19, 0.6142852000989428]], [[0.6142842644893171, -0.0017453283658983086, -0.7890828829912062], [0.0010721293844842038, 0.9999984769132876, -0.0013772108363408935], [0.7890840848346907, -1.0842021724855044e-19, 0.6142852000989428]], [[0.6142842644893171, -0.0017453283658983086, -0.7890828829912062], [0.0010721293844842038, 0.9999984769132876, -0.0013772108363408935], [0.7890840848346907, -1.0842021724855044e-19, 0.6142852000989428]], [[0.6142842644893171, -0.0017453283658983086, -0.7890828829912062], [0.0010721293844842038, 0.9999984769132876, -0.0013772108363408935], [0.7890840848346907, -1.0842021724855044e-19, 0.6142852000989428]], [[0.6142842644893171, -0.0017453283658983086, -0.7890828829912062], [0.0010721293844842038, 0.9999984769132876, -0.0013772108363408935], [0.7890840848346907, -1.0842021724855044e-19, 0.6142852000989428]], [[0.6142842644893171, -0.0017453283658983086, -0.7890828829912062], [0.0010721293844842038, 0.9999984769132876, -0.0013772108363408935], [0.7890840848346907, -1.0842021724855044e-19, 0.6142852000989428]], [[0.6142842644893171, -0.0017453283658983086, -0.7890828829912062], [0.0010721293844842038, 0.9999984769132876, -0.0013772108363408935], [0.7890840848346907, -1.0842021724855044e-19, 0.6142852000989428]], [[0.6142842644893171, -0.0017453283658983086, -0.7890828829912062], [0.0010721293844842038, 0.9999984769132876, -0.0013772108363408935], [0.7890840848346907, -1.0842021724855044e-19, 0.6142852000989428]], [[0.6142842644893171, -0.0017453283658983086, -0.7890828829912062], [0.0010721293844842038, 0.9999984769132876, -0.0013772108363408935], [0.7890840848346907, -1.0842021724855044e-19, 0.6142852000989428]], [[0.6142842644893171, -0.0017453283658983086, -0.7890828829912062], [0.0010721293844842038, 0.9999984769132876, -0.0013772108363408935], [0.7890840848346907, -1.0842021724855044e-19, 0.6142852000989428]], [[0.6142842644893171, -0.0017453283658983086, -0.7890828829912062], [0.0010721293844842038, 0.9999984769132876, -0.0013772108363408935], [0.7890840848346907, -1.0842021724855044e-19, 0.6142852000989428]], [[0.6142842644893171, -0.0017453283658983086, -0.7890828829912062], [0.0010721293844842038, 0.9999984769132876, -0.0013772108363408935], [0.7890840848346907, -1.0842021724855044e-19, 0.6142852000989428]], [[0.6142842644893171, -0.0017453283658983086, -0.7890828829912062], [0.0010721293844842038, 0.9999984769132876, -0.0013772108363408935], [0.7890840848346907, -1.0842021724855044e-19, 0.6142852000989428]], [[0.6142842644893171, -0.0017453283658983086, -0.7890828829912062], [0.0010721293844842038, 0.9999984769132876, -0.0013772108363408935], [0.7890840848346907, -1.0842021724855044e-19, 0.6142852000989428]], [[0.6142842644893171, -0.0017453283658983086, -0.7890828829912062], [0.0010721293844842038, 0.9999984769132876, -0.0013772108363408935], [0.7890840848346907, -1.0842021724855044e-19, 0.6142852000989428]], [[0.6142842644893171, -0.0017453283658983086, -0.7890828829912062], [0.0010721293844842038, 0.9999984769132876, -0.0013772108363408935], [0.7890840848346907, -1.0842021724855044e-19, 0.6142852000989428]], [[0.6142842644893171, -0.0017453283658983086, -0.7890828829912062], [0.0010721293844842038, 0.9999984769132876, -0.0013772108363408935], [0.7890840848346907, -1.0842021724855044e-19, 0.6142852000989428]], [[0.6142842644893171, -0.0017453283658983086, -0.7890828829912062], [0.0010721293844842038, 0.9999984769132876, -0.0013772108363408935], [0.7890840848346907, -1.0842021724855044e-19, 0.6142852000989428]], [[0.6142842644893171, -0.0017453283658983086, -0.7890828829912062], [0.0010721293844842038, 0.9999984769132876, -0.0013772108363408935], [0.7890840848346907, -1.0842021724855044e-19, 0.6142852000989428]], [[0.6142842644893171, -0.0017453283658983086, -0.7890828829912062], [0.0010721293844842038, 0.9999984769132876, -0.0013772108363408935], [0.7890840848346907, -1.0842021724855044e-19, 0.6142852000989428]], [[0.6142842644893171, -0.0017453283658983086, -0.7890828829912062], [0.0010721293844842038, 0.9999984769132876, -0.0013772108363408935], [0.7890840848346907, -1.0842021724855044e-19, 0.6142852000989428]], [[0.6142842644893171, -0.0017453283658983086, -0.7890828829912062], [0.0010721293844842038, 0.9999984769132876, -0.0013772108363408935], [0.7890840848346907, -1.0842021724855044e-19, 0.6142852000989428]], [[0.6142842644893171, -0.0017453283658983086, -0.7890828829912062], [0.0010721293844842038, 0.9999984769132876, -0.0013772108363408935], [0.7890840848346907, -1.0842021724855044e-19, 0.6142852000989428]], [[0.6142842644893171, -0.0017453283658983086, -0.7890828829912062], [0.0010721293844842038, 0.9999984769132876, -0.0013772108363408935], [0.7890840848346907, -1.0842021724855044e-19, 0.6142852000989428]], [[0.6142842644893171, -0.0017453283658983086, -0.7890828829912062], [0.0010721293844842038, 0.9999984769132876, -0.0013772108363408935], [0.7890840848346907, -1.0842021724855044e-19, 0.6142852000989428]], [[0.6142842644893171, -0.0017453283658983086, -0.7890828829912062], [0.0010721293844842038, 0.9999984769132876, -0.0013772108363408935], [0.7890840848346907, -1.0842021724855044e-19, 0.6142852000989428]], [[0.6142842644893171, -0.0017453283658983086, -0.7890828829912062], [0.0010721293844842038, 0.9999984769132876, -0.0013772108363408935], [0.7890840848346907, -1.0842021724855044e-19, 0.6142852000989428]], [[0.6142842644893171, -0.0017453283658983086, -0.7890828829912062], [0.0010721293844842038, 0.9999984769132876, -0.0013772108363408935], [0.7890840848346907, -1.084073560964454e-19, 0.6142852000989428]], [[0.6142842644893171, -0.0017453283658983086, -0.7890828829912062], [0.0010721293844842038, 0.9999984769132876, -0.0013772108363408935], [0.7890840848346907, -1.0837081622068731e-19, 0.6142852000989428]], [[0.6142842644893171, -0.0017453283658983086, -0.7890828829912062], [0.0010721293844842038, 0.9999984769132876, -0.0013772108363408935], [0.7890840848346907, -1.0670414391865125e-19, 0.6142852000989428]], [[0.6142842644893171, -0.0017453283658983084, -0.7890828829912062], [0.0010721293844842036, 0.9999984769132876, -0.0013772108363408935], [0.7890840848346907, 3.6811140404940303e-20, 0.6142852000989428]], [[0.6142842644893174, -0.0017453283658983012, -0.789082882991206], [0.0010721293844841925, 0.9999984769132876, -0.001377210836340893], [0.7890840848346905, 9.120792231486262e-18, 0.6142852000989432]], [[0.614284264489329, -0.0017453283658980185, -0.7890828829911969], [0.0010721293844837526, 0.9999984769132876, -0.0013772108363408772], [0.7890840848346814, 3.722802214319258e-16, 0.6142852000989548]], [[0.6142842644896365, -0.0017453283658905683, -0.7890828829909576], [0.0010721293844721607, 0.9999984769132876, -0.0013772108363404596], [0.7890840848344421, 9.942619603416441e-15, 0.6142852000992622]], [[0.6142842644944968, -0.0017453283657727688, -0.7890828829871742], [0.0010721293842888763, 0.9999984769132878, -0.0013772108363338564], [0.7890840848306587, 1.6126296629340493e-13, 0.6142852001041222]], [[0.6142842645587426, -0.0017453283642156136, -0.7890828829371637], [0.0010721293818660928, 0.9999984769132905, -0.0013772108362465714], [0.7890840847806481, 2.1615200688158454e-12, 0.6142852001683637]], [[0.6142842652283421, -0.0017453283479848432, -0.7890828824159306], [0.0010721293566124785, 0.9999984769133188, -0.0013772108353368472], [0.7890840842594142, 2.3010894397808646e-11, 0.614285200837918]], [[0.6142842727498617, -0.0017453281656148324, -0.7890828765609906], [0.0010721290728574564, 0.9999984769136371, -0.0013772108251180405], [0.7890840784044654, 2.5727584252288313e-10, 0.614285208358931]], [[0.6142843800546047, -0.0017453255609974317, -0.7890827930322748], [0.0010721250200488772, 0.999998476918183, -0.0013772106793331139], [0.7890839948756223, 3.6030587707932086e-09, 0.6142853156564371]], [[0.6142867538026681, -0.0017452676318880814, -0.789080945241661], [0.0010720348596577115, 0.9999984770192836, -0.0013772074544822288], [0.7890821470821906, 7.801613600530696e-08, 0.6142876892435284]], [[0.6143246093976237, -0.0017443238032443158, -0.7890514759018744], [0.00107056451279313, 0.9999984786652448, -0.0013771560621507882], [0.7890526776965407, 1.2903510927617787e-06, 0.6143255422154069]], [[0.6147688609659979, -0.001732400201866617, -0.7887054243354167], [0.001051937693972871, 0.999998499255926, -0.0013765583835831016], [0.7887066254404468, 1.6596264229280737e-05, 0.6147697607323462]], [[0.6158242826881825, -0.0017008895313348703, -0.7878816915161743], [0.0010025683784919452, 0.9999985518638178, -0.0013751825018290592], [0.7878828895897108, 5.6965507847373625e-05, 0.6158250961488162]], [[0.6163868472665945, -0.0016827769076177498, -0.7874416948439013], [0.0009741517910304249, 0.9999985809202012, -0.0013744765809040936], [0.78744289033875, 8.012154898127984e-05, 0.6163876118446098]], [[0.6170073247541273, -0.001661907832109607, -0.7869556526654605], [0.0009413948595517799, 0.999998613331336, -0.0013737216323471935], [0.7869568444174573, 0.00010676030321719174, 0.6170080336808949]], [[0.6195782438931372, -0.0015668860054854623, -0.7849333376552134], [0.0007922063012969801, 0.9999987465463506, -0.0013708810683488015], [0.7849345017920183, 0.00022753894872573616, 0.6195787085774933]], [[0.6336014843783949, -0.0008635226752291663, -0.773659106661965], [-0.0003049254612178195, 0.9999990207000078, -0.0013658768379011478], [0.7736595284832298, 0.0011013299521005133, 0.6336006005823862]], [[0.6346774834110243, -0.0007982457473170709, -0.7727767173341092], [-0.00040596193908143543, 0.9999989841118541, -0.0013663711837431803], [0.7727770229793901, 0.0011809229591538003, 0.6346765145922709]], [[0.6354661375127719, -0.0007494337122215455, -0.7721283743151885], [-0.00048142724226908195, 0.9999989500093798, -0.001366824054594594], [0.7721285879316638, 0.00124029403676173, 0.6354651094814527]], [[0.6359730329319396, -0.0007176302317157263, -0.7717109474337569], [-0.0005305570936844787, 0.9999989246958916, -0.0013671562744514243], [0.7717110987224793, 0.0012789112399946214, 0.6359719683236844]], [[0.6364866833047299, -0.0006850603397760888, -0.7712873865602766], [-0.0005808387389072598, 0.9999988962486459, -0.0013675261961611088], [0.7712874720887406, 0.0013184058060767177, 0.6364855828720775]], [[0.6371809092858566, -0.0006404935116645279, -0.7707140057171771], [-0.0006495889473602801, 0.9999988531949587, -0.001368080046880043], [0.7707139981048641, 0.001372361788141812, 0.6371797625060415]], [[0.6385026619074168, -0.0005539084449496544, -0.7696194149847599], [-0.0007829863905227468, 0.9999987559620889, -0.0013693088164390633], [0.7696192160207483, 0.0014769088522905624, 0.6385014338830948]], [[0.6448698721519367, -0.00010510388322414904, -0.7642923766091255], [-0.0014709356393738655, 0.9999979678810071, -0.001378616062890598], [0.7642909683739733, 0.00201325286008713, 0.6448684070985435]], [[0.651321584031801, 0.0004033238182532809, -0.7588017076305972], [-0.0022436238213963786, 0.999996511031949, -0.0013943013034997676], [0.7587984978407574, 0.0026106041207799085, 0.6513202164984992]], [[0.6583946685185289, 0.0010239375513008907, -0.7526721809773326], [-0.003178081258541564, 0.999993942236188, -0.001419609273484506], [0.7526661678757898, 0.0033267165294446114, 0.658393934275843]], [[0.6597902126015328, 0.001154378713323615, -0.7514489621816756], [-0.0033733493664893552, 0.9999932939411323, -0.0014256882069398958], [0.751442277136582, 0.0034755550058988426, 0.6597896821321975]], [[0.6605049360470099, 0.001222221713179685, -0.7508207080458862], [-0.003474759665714373, 0.999992942053317, -0.0014289467675531078], [0.7508136623035948, 0.0035527479060322815, 0.6605045211650683]], [[0.6611952946357853, 0.00128841975018762, -0.7502127180506547], [-0.003573613761988615, 0.9999925890322371, -0.0014321889998225744], [0.7502053129877932, 0.003627927121570876, 0.6611949988532916]], [[0.666239792434671, 0.0017917190656009186, -0.7457354280965223], [-0.004322133436372953, 0.9999895954823347, -0.0014587973411315032], [0.7457250553240787, 0.00419507686643994, 0.6662406045798326]], [[0.6892664747969833, 0.004507939692061514, -0.724493895901827], [-0.00827884077107988, 0.9999643613671277, -0.0016543249915395844], [0.7244606183325587, 0.00713824035915819, 0.6892792307970125]], [[0.7118247150445541, 0.007801171553812941, -0.7023138306853457], [-0.012920358612488579, 0.9999145515217777, -0.001988463804746465], [0.7022383066899935, 0.01048958423258603, 0.7118646846399642]], [[0.725685210820124, 0.010110264342085364, -0.6879525836493723], [-0.016089739143450417, 0.999867956786091, -0.002278000590730215], [0.6878387129910564, 0.012722088953258066, 0.725752060528534]], [[0.738789921342882, 0.012540527286646914, -0.673819105766561], [-0.019360451995899065, 0.99980913694085, -0.0026196541901968608], [0.6736576467458572, 0.014980816564568358, 0.7388917039149736]], [[0.7467281909798276, 0.014210574170638254, -0.6649774946389023], [-0.02157558583933667, 0.9997631203505616, -0.0028630896888569273], [0.6647792888546973, 0.01648522880111958, 0.7468579077305799]], [[0.7510171812908555, 0.015210469792472293, -0.6601074420222262], [-0.022891317539956955, 0.9997334353494947, -0.0030076278943331814], [0.6598857332794039, 0.017369509289733274, 0.7511651743523656]], [[0.753092972963047, 0.015726840487898318, -0.6577261136373129], [-0.023568095853395296, 0.9997174856988446, -0.0030811760406717157], [0.6574918394398503, 0.017821764116518313, 0.7532508651121884]], [[0.7541070576717708, 0.015988073369291533, -0.6565568726912085], [-0.023909833148489764, 0.999709256689461, -0.0031180070854027043], [0.6563161322464279, 0.018049476427854972, 0.7542700782559614]], [[0.7551075346571542, 0.016252149291311687, -0.6553994802758885], [-0.024254869923376023, 0.9997008290586332, -0.003154942859877405], [0.6551521291940289, 0.018278950267187847, 0.7552758221922272]], [[0.7596522630708804, 0.01754676624791138, -0.6500927243124843], [-0.025940836826929478, 0.9996579312695466, -0.0033306807976790746], [0.6498119052421887, 0.019394108489632064, 0.7598475875857571]], [[0.7646416397081232, 0.019215246342424948, -0.6441691836241227], [-0.02810229634725033, 0.9995987825874156, -0.0035404504987341288], [0.6438427011024964, 0.020809809170976228, 0.7648748447150001]], [[0.7659198873817159, 0.01970182387317931, -0.6426340827000585], [-0.028730687173628283, 0.9995807150980349, -0.003597446121649778], [0.6422937596818026, 0.021218674325870896, 0.7661647956752871]], [[0.7667653992947263, 0.020040901041834324, -0.6416145141191285], [-0.02916814695680325, 0.9995679061484247, -0.003635959450547636], [0.6412644085289461, 0.021502634337712104, 0.7670186406268403]], [[0.7675856302283021, 0.020384776608190592, -0.6406221672313169], [-0.029611456747749575, 0.9995547326430965, -0.0036739733300158103], [0.6402620259665337, 0.021789844730931335, 0.7678474723343942]], [[0.7722256838697092, 0.022726909259971464, -0.6349417144635733], [-0.03262360809387592, 0.9994600878135006, -0.0039029556404306335], [0.6345101995755225, 0.023728052244011477, 0.7725501835931585]], [[0.7740896553488582, 0.023983707579205746, -0.6326215197502641], [-0.03423629396682503, 0.9994057487450451, -0.00400319256803995], [0.6321495722182966, 0.024757446275554196, 0.7744507648628319]], [[0.7747833167739909, 0.024535515012362452, -0.6317505999603518], [-0.0349438601994372, 0.9993811025730601, -0.004042085375207144], [0.6312604364931547, 0.025207544959967937, 0.7751611709793333]], [[0.7751698626206682, 0.024870966577531347, -0.6312631140060746], [-0.0353738920750381, 0.9993658839672366, -0.004064200021025702], [0.6307617393616946, 0.025480678638121437, 0.7755580978701976]], [[0.7755334040431429, 0.02520901805536175, -0.6308030157033433], [-0.03580719068937152, 0.9993503666232378, -0.0040853182126353235], [0.6302902381495866, 0.0257555846111219, 0.7759322557756994]], [[0.7758724178986834, 0.025547957857808928, -0.630372344723211], [-0.036241573896009543, 0.9993346259833233, -0.0041053175607537904], [0.6298480288641564, 0.02603088857574865, 0.7762820707541703]], [[0.7761255815780455, 0.025818939327526984, -0.6300495726453869], [-0.036588831392355615, 0.9993219096955559, -0.004120463533657524], [0.6295159561408709, 0.02625077473913685, 0.7765439831639476]], [[0.7763650684867137, 0.026092065736349427, -0.62974318935398], [-0.03693881652952924, 0.9993089741555279, -0.004134973468747975], [0.6292001305351823, 0.026472217092880904, 0.7767923901887726]], [[0.7765781980362675, 0.026351373884759763, -0.6294695444798117], [-0.03727108066404588, 0.9992965827180574, -0.004148049434334988], [0.6289174579222223, 0.026682294923307235, 0.7770140836926733]], [[0.7767761765092945, 0.026608547530791532, -0.6292143965330063], [-0.03760060091140212, 0.9992841869678188, -0.00416034699628837], [0.6286532958771275, 0.026890497844834178, 0.7772206473756158]], [[0.7769746172075995, 0.026885241787231832, -0.6289575724861244], [-0.03795512857214059, 0.9992707319150289, -0.004172835131818276], [0.6283867061202432, 0.027114352509706667, 0.7774284272251821]], [[0.7771311515771205, 0.02711961314863855, -0.6287540853382814], [-0.03825542821324207, 0.9992592387786817, -0.004182813363456732], [0.6281748924138185, 0.02730385134177637, 0.7775929553701497]], [[0.7772781627139143, 0.027355393974136468, -0.6285621211838124], [-0.03855753741068936, 0.9992475874062243, -0.004192299085916485], [0.6279745011347018, 0.027494390033895574, 0.7777480854619808]], [[0.7774277349844606, 0.027614265904479563, -0.6283657925078194], [-0.0388892414574183, 0.9992346918690704, -0.004202078551480834], [0.6277688617431342, 0.027703481439283553, 0.7779066610721129]], [[0.7775902922684337, 0.027923001886854672, -0.6281509717687385], [-0.03928485474835182, 0.9992191710797709, -0.004212877166346179], [0.6275428571466376, 0.027952712073401904, 0.7780800783534216]], [[0.7777244707046462, 0.02820583652167724, -0.6279721956040586], [-0.03964729890056605, 0.9992048172588254, -0.004221949384904918], [0.6273537593380145, 0.028180914691437024, 0.7782243228594858]], [[0.7778496233991733, 0.028500430967998053, -0.627803861736207], [-0.0400248393689847, 0.9991897289848821, -0.00423057024131282], [0.6271745973887365, 0.02841849619055047, 0.7783600795666713]], [[0.7779783179463775, 0.028847089695472707, -0.627628538404619], [-0.04046914491516058, 0.9991717939194371, -0.004239639797356096], [0.6269864313632579, 0.02869793811219459, 0.7785014086261929]], [[0.7783045138205708, 0.030239318024871346, -0.6271584069518699], [-0.04225414316694726, 0.999097793469756, -0.004264559655207199], [0.6264636231659622, 0.029819167145167514, 0.7788800588787956]], [[0.7769491702120295, 0.03617583270261775, -0.628523107006527], [-0.04988433711521199, 0.9987462550465848, -0.004179825473256483], [0.6275838906659919, 0.03460097048754868, 0.7777796815448049]], [[0.7759828542068361, 0.03781493468997291, -0.6296194411685776], [-0.051998360736341634, 0.9986387215102756, -0.004107843843814537], [0.6286070159199579, 0.03592679521890571, 0.7768928400542678]], [[0.7752521607953087, 0.03888229104658717, -0.6304540067532285], [-0.05337695418045174, 0.9985662166503524, -0.004051138976817543], [0.6293925547308863, 0.03679236887665304, 0.7762160354230347]], [[0.7749363815029666, 0.03931410363346281, -0.6308153500705362], [-0.05393513899593641, 0.9985363243797709, -0.004026124143159116], [0.6297337575599924, 0.0371431036616478, 0.7759225376581317]], [[0.7746098000392103, 0.0397459212091147, -0.6311892897035569], [-0.05449359822411394, 0.9985061081912678, -0.003999957163180625], [0.6300873792116878, 0.037494181574645846, 0.7756185150654129]], [[0.7721763883676006, 0.042641169495909674, -0.6339758322819695], [-0.05824507540352993, 0.9982950948657945, -0.003796677247729845], [0.6327330688725343, 0.03985767468005412, 0.7733435390111724]], [[0.7710831047141157, 0.043821031621671974, -0.6352248128167527], [-0.05977751238193526, 0.9982048639908281, -0.0037011509659306734], [0.6339223096278577, 0.04082605409111139, 0.7723184179271609]], [[0.7702169702646388, 0.04472175397293251, -0.6362120585496414], [-0.0609488447156519, 0.9981343127373233, -0.0036238190092288502], [0.6348630222734974, 0.04156751686065839, 0.7715057255120545]], [[0.7694040135443888, 0.04554569609265414, -0.637136605066173], [-0.06202143682326859, 0.9980685041955688, -0.0035499728436815723], [0.6357442924023893, 0.04224749105261708, 0.7707427224331257]], [[0.7613944413404344, 0.053107040881256416, -0.6461100114610259], [-0.07191457867978372, 0.9974069641514024, -0.002764278537701125], [0.6442878223858772, 0.04856943556751237, 0.7632392887288427]], [[0.7593052716654004, 0.055007128527054784, -0.648405521443026], [-0.07441484731788109, 0.9972241280930118, -0.0025433930153136446], [0.6464657260252432, 0.050182209602264355, 0.7612908845635138]], [[0.7572915905261697, 0.056825658190084574, -0.6505999473524947], [-0.07681318936597263, 0.9970427926038536, -0.0023245766020653967], [0.6485438927808411, 0.051735039269315414, 0.7594170822768489]], [[0.754536156688266, 0.05931066743604353, -0.6535728214849909], [-0.08009901870197386, 0.9967848728696584, -0.002016041032429405], [0.6513519290357842, 0.05387171750311126, 0.7568609532800817]], [[0.7532543573972607, 0.06047721883723252, -0.654943034980305], [-0.08164484635265616, 0.9966597341526926, -0.001869059383989608], [0.6526423156152588, 0.05488060058547686, 0.7556759408325345]], [[0.7524860386359757, 0.06118414340376125, -0.6557600645505521], [-0.08258262748746074, 0.9965826315055313, -0.0017799491635774594], [0.6534101861011662, 0.055493776026546135, 0.7549672638776866]], [[0.7517838606826015, 0.06183752663996378, -0.6565037297088828], [-0.08345005261115811, 0.9965105147266895, -0.0016978688380104197], [0.6541078776027043, 0.05606170117313804, 0.7543208668233067]], [[0.7510897460536391, 0.0624923399885266, -0.6572358030580024], [-0.08432001055069657, 0.9964374159426735, -0.0016161467959935696], [0.6547933484690929, 0.056632001134269826, 0.7536832804657181]], [[0.7496763751226888, 0.06386414638963205, -0.6587159504629349], [-0.08614453301367345, 0.996281598048765, -0.00144804057425262], [0.6561741019122275, 0.05783033974955331, 0.7523903240935103]], [[0.7489142202665715, 0.06463396480871146, -0.6595073474049252], [-0.08716954119057051, 0.9961925672015308, -0.0013565180797130974], [0.6569086403577736, 0.058504868564566985, 0.751696892758611]], [[0.7481895099718967, 0.0653937381161174, -0.6602545843753564], [-0.08818193643742998, 0.9961035768052549, -0.0012690004630304945], [0.6575989684144268, 0.059171980626018666, 0.751040793468958]], [[0.7444274206221605, 0.07064023900813934, -0.6639561522133532], [-0.09518954868113721, 0.9954588302911682, -0.0008167113118970628], [0.6608833219646774, 0.06380966876852667, 0.7477710618390374]], [[0.744556203824469, 0.07489422510535551, -0.6633452452406462], [-0.1008779861859131, 0.9948983975399653, -0.0009002640865410081], [0.659893696924555, 0.06758722969858179, 0.7483129526690909]], [[0.7448040725634214, 0.07526540423444425, -0.6630248957689238], [-0.101373477867851, 0.9948479920487511, -0.0009437698283482504], [0.6595379530164438, 0.06791606321076768, 0.7485967518499287]], [[0.7450761244441716, 0.07560663661525224, -0.6626803190634284], [-0.10182872895721308, 0.9948014517160937, -0.0009907686179293437], [0.6591604347451496, 0.06821809263924644, 0.7489017379434256]], [[0.7462746886938195, 0.07670277956261445, -0.6612040325144245], [-0.10328890090428453, 0.9946506811541672, -0.0011939135126943306], [0.657575464837406, 0.06918602522890915, 0.7502051732348513]], [[0.7465354689765137, 0.07689036531676202, -0.6608877856886871], [-0.10353835758734355, 0.9946246912947262, -0.0012377297463892689], [0.6572401403287349, 0.06935124503843192, 0.7504837125106207]], [[0.7467880198823392, 0.07706074934264434, -0.6605825415964226], [-0.10376480840286778, 0.9946010385427624, -0.0012801041806202577], [0.6569174361276567, 0.06950118733132457, 0.7507523340372926]], [[0.7490775261114482, 0.07826887657230595, -0.657842566900234], [-0.10536602041354047, 0.994432116815417, -0.0016633665130008682], [0.6540495865056193, 0.07056024380749772, 0.753153629996631]], [[0.7527317566434485, 0.07953071894076795, -0.6535057515250046], [-0.10702586952358074, 0.9942536287581563, -0.002277049382211695], [0.6495693694936636, 0.07165602867909224, 0.7569181248728278]], [[0.7609780867262702, 0.08118575718277198, -0.6436778886539971], [-0.10916238323769856, 0.9940171102648513, -0.0036821985508537023], [0.6395278927438124, 0.07306748477346153, 0.7652876694819195]], [[0.7660525842715055, 0.08183960901434358, -0.6375466386990107], [-0.10998063165913341, 0.9939232598173458, -0.004562264078592652], [0.6332990595129343, 0.0736127162262591, 0.7703982536451276]], [[0.7708708690696591, 0.08226778699433346, -0.6316566428304533], [-0.1104963639161297, 0.9938618181928844, -0.005407393017319583], [0.6273345652601786, 0.07396416403335952, 0.7752294148561607]], [[0.7733473887441951, 0.08238537036516903, -0.6286067666366026], [-0.11062552412395428, 0.9938449774971525, -0.005844152254882426], [0.6242562051945577, 0.07405951291524385, 0.7777013429411097]], [[0.7737111568762216, 0.08239490258793332, -0.628157723618662], [-0.11063436016570039, 0.9938436141879857, -0.005908374402607409], [0.6238037223879475, 0.0740672030324622, 0.7780635998165236]], [[0.7740460024837796, 0.08240166819994568, -0.6277441764809469], [-0.11063987577469482, 0.9938426469351606, -0.0059674970520972636], [0.6233872022399203, 0.07407265494461986, 0.7783968382916898]], [[0.7768729236160227, 0.08236520435393636, -0.6242470934279617], [-0.11056517865697936, 0.9938478391161849, -0.006466370880577982], [0.6198740209189667, 0.07404353986491231, 0.7812001999384512]], [[0.777259808620749, 0.08234366012517194, -0.6237681552702555], [-0.11053361787823732, 0.9938509040755082, -0.006534507385231055], [0.6193944697936755, 0.07402636088170124, 0.7815821061625416]], [[0.7774747967016198, 0.08232940903980472, -0.623502052033642], [-0.11051315481424254, 0.9938529302393828, -0.006572341083693537], [0.6191282444665096, 0.07401500835406075, 0.7817940876164369]], [[0.7775800704279948, 0.08232178903318095, -0.6233717647702709], [-0.1105023118993177, 0.9938540132482189, -0.00659085844482979], [0.6189979589041505, 0.07400894135635509, 0.7818978216248322]], [[0.7776235805589217, 0.08231851105177934, -0.6233179202350685], [-0.11049766566139749, 0.9938544790609962, -0.006598509945617319], [0.618944127390759, 0.07400633208392772, 0.7819406818741599]], [[0.7776641191581184, 0.08231538746147551, -0.6232677552627971], [-0.11049324771676541, 0.9938549228920668, -0.00660563788971251], [0.6188939812055319, 0.0740038460498763, 0.7819806076797837]], [[0.7780551228424969, 0.08228152410261598, -0.6227840529422127], [-0.1104458524915117, 0.9938597320311956, -0.006674332478045791], [0.6184108177218233, 0.07397691422419063, 0.7823653089678398]], [[0.7789225386368389, 0.08217475065800496, -0.6217129475465896], [-0.11030025744730981, 0.9938748694878958, -0.006826200055600402], [0.6173439333143261, 0.0738921792520386, 0.7832154325823977]], [[0.7792217609090663, 0.08212311577064983, -0.6213447039857394], [-0.11023114730335709, 0.9938821775646711, -0.0068783197960558], [0.6169785583627387, 0.07385127605756416, 0.7835071458098879]], [[0.7794646024523517, 0.08207261568183562, -0.6210467126297109], [-0.11016410746051598, 0.9938893181444955, -0.006920455579026952], [0.6166837138603783, 0.07381130694760824, 0.7837429987029599]], [[0.7804693938603282, 0.08149711988625684, -0.6198594555920165], [-0.10942026492438638, 0.9939703056264219, -0.007087817472602928], [0.6155442558099626, 0.07335701045619936, 0.7846808383962272]], [[0.7791748568288157, 0.08059387580876215, -0.6216037078859682], [-0.10828477424109643, 0.9940963522957544, -0.006844707411607207], [0.6173823370839133, 0.07264344109614082, 0.7833019726215542]], [[0.7761033958840964, 0.07971590949050666, -0.6255468748704652], [-0.10719585239531819, 0.9942179724556887, -0.006298608977626952], [0.6214278462665648, 0.0719444022845803, 0.7801611595394518]], [[0.7742984118505088, 0.07932016996126612, -0.6278298177309078], [-0.10670638644649694, 0.9942725697600425, -0.0059836539009999554], [0.6237593418029072, 0.07162658486875864, 0.7783276404209012]], [[0.7730614947407377, 0.07906767234585325, -0.6293840072070109], [-0.10639369758264945, 0.9943073431552647, -0.005769615405482102], [0.6253449499700098, 0.07142275923829831, 0.7770730229517159]], [[0.7726346655150867, 0.07898318796487426, -0.6299185103267128], [-0.10628896853148267, 0.9943189679166203, -0.005696069650008002], [0.6258900293198394, 0.07135436959301558, 0.7766403447719653]], [[0.7722256210240753, 0.07890376026347763, -0.6304298429160808], [-0.10619047129907488, 0.9943298923596607, -0.005625741286590538], [0.626411345705318, 0.07128998370173345, 0.7762258461201752]], [[0.7717398826715725, 0.07881179857218212, -0.6310358578470916], [-0.10607640571471975, 0.9943425353814916, -0.005542425594595215], [0.6270289862787841, 0.0712153265583261, 0.775733863911402]], [[0.7716078368745604, 0.07878731027503576, -0.6312003689814484], [-0.10604603036591917, 0.9943459011275628, -0.005519814685680832], [0.627196608334642, 0.07119542576826511, 0.7756001713722859]], [[0.7714762019469766, 0.07876313798712185, -0.631364267212533], [-0.10601604779900331, 0.9943492230625522, -0.005497290577816972], [0.6273635847159389, 0.07117577319007164, 0.7754669186191532]], [[0.7701907504534978, 0.07854147883305304, -0.632959275157197], [-0.10574126371780078, 0.9943796687483134, -0.00527821248885396], [0.6289872757475513, 0.0709951440775756, 0.7741670985353216]], [[0.7688862836088302, 0.07835025162391589, -0.634566876647056], [-0.10550496424864997, 0.9944059148593167, -0.005057569714655247], [0.630620793651921, 0.07083865161872119, 0.7728514087715579]], [[0.7667693162662734, 0.0781730353371179, -0.6371450322859009], [-0.10529191217145253, 0.99443023277957, -0.004703760720745464], [0.6332285755174097, 0.07069291817424189, 0.7707295780340973]], [[0.7662789420303968, 0.07831348841573636, -0.6377174770383515], [-0.10547765825639714, 0.9944109170073477, -0.004625121080866916], [0.6337910117671662, 0.07080907899839266, 0.7702564687961502]], [[0.7676805551702971, 0.07868025258835135, -0.6359842632125563], [-0.1059425234369355, 0.9943603583504089, -0.0048640999909315705], [0.6320148312573916, 0.07111185269497147, 0.7716866964419545]], [[0.7688056127454218, 0.07884942134301119, -0.6346027880122889], [-0.1061525705105419, 0.9943370055980139, -0.005054806825124677], [0.6306104673831635, 0.07125088106177553, 0.7728219396233705]], [[0.7692933804929702, 0.07891012258831681, -0.6340038543027611], [-0.1062270849800918, 0.9943286239622957, -0.005137507716685322], [0.630002778671969, 0.07130063199001901, 0.7733128207471687]], [[0.7698056209790637, 0.07896759272274918, -0.6333746325805715], [-0.10629710560852654, 0.994320688235225, -0.005224393394132476], [0.6293649428085102, 0.07134765761280573, 0.773827681402861]], [[0.7701703365007913, 0.07900505786310717, -0.6329264203635893], [-0.10634242692459107, 0.9943155150411914, -0.005286282608438194], [0.6289109165836744, 0.07137826966415624, 0.774193904400025]], [[0.7705275218892387, 0.07903922779548378, -0.6324872634833719], [-0.10638350037085259, 0.9943107971454912, -0.005346917654153241], [0.6284662988960864, 0.07140615624176355, 0.7745523042320341]], [[0.7727886203999361, 0.07920789421941099, -0.6297014035728744], [-0.10658085722999858, 0.9942875199096687, -0.005731371882356708], [0.6256502769443557, 0.07154325436432257, 0.7768161260574681]], [[0.7743904582418719, 0.07928912229158748, -0.6277202030030031], [-0.106670236226186, 0.9942763233899345, -0.006004452456102267], [0.6236512477943583, 0.07160885302988342, 0.7784158870942993]], [[0.7756794418474365, 0.0793357988821709, -0.6261207826761028], [-0.10671750120904996, 0.9942698973710472, -0.006224637910444793], [0.6220392097119061, 0.07164636904495877, 0.7797012372519249]], [[0.7768595460489056, 0.07935932151112815, -0.6246529786929222], [-0.106735672803262, 0.9942666628950326, -0.006426445865489823], [0.6205616342088754, 0.07166520176976, 0.78087601896321]], [[0.7794840813302136, 0.07927520313460283, -0.621385555922176], [-0.10660036353501821, 0.9942781826451313, -0.006874446142101959], [0.6172851281499179, 0.07159844749509693, 0.7834747812595796]], [[0.7813708701300467, 0.07892682767944839, -0.6190558288010521], [-0.1061356284067559, 0.9943256518391577, -0.007192112136754594], [0.6149754399022024, 0.07132358632966909, 0.7853140482244101]], [[0.7819927409005871, 0.07866687164376068, -0.6183032237280163], [-0.10579798694583972, 0.994360890881992, -0.007294151234381858], [0.6142427363225277, 0.0711192097114994, 0.7859057951647064]], [[0.7824622317316399, 0.07833550361006034, -0.6177510864220191], [-0.10537158206981821, 0.9944056174657796, -0.007368693524404592], [0.6137179202154969, 0.07085913368432131, 0.7863391746366921]], [[0.7825011285025266, 0.07829752562930758, -0.6177066304974276], [-0.10532289937151994, 0.9944107305239138, -0.007374678740411361], [0.6136766825847622, 0.07082934772434847, 0.7863740412431898]], [[0.7825382736282541, 0.07825880871507823, -0.6176644794330444], [-0.10527330116228253, 0.9944159403816992, -0.007380350725252203], [0.6136378267001611, 0.07079898567854073, 0.7864070963934865]], [[0.7826974833006025, 0.07805462710156098, -0.6174885624939338], [-0.10501219875204494, 0.9944433714862346, -0.007403986764170067], [0.613479492514749, 0.07063891346106427, 0.7865450121622583]], [[0.7827756064160234, 0.07791634599024796, -0.6174069913885333], [-0.10483574333798326, 0.9944619076941957, -0.007414921688470851], [0.6134099908762403, 0.07053054070813355, 0.7866089409033368]], [[0.7828250837240475, 0.07780201068885988, -0.6173586764702462], [-0.104690034114431, 0.99447720926996, -0.007421387970227046], [0.6133717347885759, 0.07044094956227942, 0.7866467997619115]], [[0.7828607820973439, 0.07769389807092318, -0.6173270235818011], [-0.10455239325423545, 0.9944916577110033, -0.00742561833693448], [0.6133496497975168, 0.07035624311742686, 0.7866715999297955]], [[0.7827469889504269, 0.07646646827782701, -0.6176245060763919], [-0.10299585761909083, 0.9946543596304662, -0.007386350998596028], [0.6137580994092086, 0.0693944096960062, 0.7864384345268479]], [[0.7817238711093898, 0.07480180012380133, -0.6191223465713044], [-0.100893023366675, 0.9948712893708294, -0.007191343491212059], [0.6154091217732709, 0.06808677025446029, 0.7852616153506279]], [[0.7812098284972857, 0.0741962383797028, -0.6198436271008306], [-0.10012866268061299, 0.994949175123732, -0.00709857943908191], [0.6161862175974893, 0.06760959348146288, 0.7846932445871303]], [[0.7807238180210262, 0.07367116783397205, -0.6205182342144512], [-0.09946579879345378, 0.9950162719509267, -0.0070123764101407025], [0.6169091301262437, 0.06719507111894008, 0.7841606643875388]], [[0.7802621893082813, 0.07319898994373088, -0.6211544282986605], [-0.0988695059853611, 0.9950762656576249, -0.006931544614751149], [0.6175886468436134, 0.0668216536454669, 0.7836575335454016]], [[0.7791049980537443, 0.07208308145499258, -0.622735442514402], [-0.09745908516192153, 0.9952167603562226, -0.0067325051162549585], [0.6192714499435258, 0.06593655491340973, 0.782403503314945]], [[0.7785670869474302, 0.07158971047726741, -0.6234646777997566], [-0.09683488577585433, 0.9952783001542802, -0.006641546390698883], [0.6200453983435812, 0.06554402028880116, 0.7818233082902003]], [[0.7783056698782043, 0.07135600014208651, -0.6238177662323693], [-0.09653907123692948, 0.9953073285185348, -0.006597690632748118], [0.6204196095774465, 0.06535780780328557, 0.7815419790385026]], [[0.7782350796511557, 0.07129361836794619, -0.6239129592886702], [-0.09646009896014045, 0.9953150633819998, -0.006585887424082297], [0.620520434874662, 0.06530807442209915, 0.7814660871123834]], [[0.7781698628640931, 0.07123627111475228, -0.6240008479126651], [-0.09638749518038058, 0.9953221690388394, -0.006574997517073758], [0.6206134991208385, 0.06526234363947347, 0.7813960015255857]], [[0.7778652975271153, 0.07097244816400787, -0.6244105143994939], [-0.09605342850584105, 0.9953547970213081, -0.006524332810506288], [0.6210469529459153, 0.0650518227885195, 0.7810691023059259]], [[0.7777511801850235, 0.07087547745326565, -0.6245636624112515], [-0.09593061791654828, 0.9953667645126562, -0.006505432301900311], [0.6212088362660599, 0.06497438571629127, 0.7809468041641873]], [[0.7776504129508732, 0.07079080819429831, -0.62469872474699], [-0.0958233788799605, 0.9953772027601603, -0.006488781477718044], [0.6213515231215291, 0.0649067461854941, 0.7808389072034427]], [[0.7775599978098542, 0.07071566793601923, -0.6248197692953411], [-0.09572820370575823, 0.9953864576067717, -0.0064738727197047345], [0.621479332568098, 0.06484669861478295, 0.7807421756623459]], [[0.7771456957901569, 0.07038357963109815, -0.6253724643931223], [-0.09530754181809106, 0.9954272631041241, -0.006405961388163709], [0.6220619261580842, 0.06458107762477427, 0.7803000989528412]], [[0.7761860936238765, 0.06978919244306078, -0.6266295689408186], [-0.09455600672542175, 0.9954999092942243, -0.006252374506125388], [0.6233733308740643, 0.06410459588138778, 0.7792921731483482]], [[0.7761074970874208, 0.0701300905691592, -0.6266888568894218], [-0.09499376865696543, 0.9954582770763691, -0.006245199445607544], [0.6234046333393949, 0.06437848240428358, 0.7792445534764564]], [[0.7769126305572676, 0.07135192410945602, -0.6255522898962217], [-0.09655080740451427, 0.9953075743962572, -0.0063854474090160405], [0.6221613183557346, 0.06535851340956601, 0.7801561117207313]], [[0.7788710625882138, 0.07373247404648108, -0.6228349621864376], [-0.09957343144318734, 0.9950074694646759, -0.006728109674765918], [0.619229359447313, 0.06725814434188247, 0.7823243204750757]], [[0.7796204693595961, 0.07458784922333771, -0.6217946417361994], [-0.1006565178282596, 0.9948975733905376, -0.006861769448944306], [0.6181101755855556, 0.06793725936246509, 0.7831502663068862]], [[0.780405822443032, 0.0754686106654867, -0.6207022161143971], [-0.10177014653686701, 0.9947832869209342, -0.007003523135197579], [0.6169356445846464, 0.06863454572465873, 0.7840151207487878]], [[0.7811998229838851, 0.0763498436165489, -0.6195946561565577], [-0.10288278154213472, 0.9946677986796212, -0.00714867341857172], [0.6157450526153618, 0.06933016406581231, 0.7848893925381826]], [[0.7819248617477664, 0.07715130566675818, -0.6185799759147869], [-0.10389335303514176, 0.9945617781545172, -0.0072828997585103845], [0.6146541155512152, 0.06996102820761484, 0.7856880887201579]], [[0.7828975943429952, 0.0782271372958624, -0.6172129873475866], [-0.10524791365324462, 0.9944179913288093, -0.007465600636459776], [0.6131836865342921, 0.0708051799792763, 0.7867606961744914]], [[0.783757946262935, 0.07918232245522076, -0.6159980856044879], [-0.10644871621323174, 0.9942889205287259, -0.0076297660529788145], [0.6118759289876188, 0.07155209517721478, 0.7877106989180421]], [[0.7845488699795984, 0.08006421137305052, -0.6148762417422197], [-0.10755583891599567, 0.994168581674898, -0.007782848144589406], [0.6106675135595573, 0.07223955472982858, 0.7885852107439558]], [[0.7866139351268707, 0.08239647601066077, -0.6119226567086348], [-0.11047684325730878, 0.9938449308713547, -0.008192709249837045], [0.6074811800840785, 0.0740477826958627, 0.7908751745441123]], [[0.788673152273471, 0.08487929757352426, -0.6089254172018046], [-0.11357703303741752, 0.9934918077442783, -0.008618904280522687], [