{"b2imat": [[[0.6142842644893171, -0.0017453283658983086, -0.7890828829912062], [0.0010721293844842038, 0.9999984769132876, -0.0013772108363408935], [0.7890840848346907, -1.0842021724855044e-19, 0.6142852000989428]], [[0.6142842644893171, -0.0017453283658983086, -0.7890828829912062], [0.0010721293844842038, 0.9999984769132876, -0.0013772108363408935], [0.7890840848346907, -1.0842021724855044e-19, 0.6142852000989428]], [[0.6142842644893171, -0.0017453283658983086, -0.7890828829912062], [0.0010721293844842038, 0.9999984769132876, -0.0013772108363408935], [0.7890840848346907, -1.0842021724855044e-19, 0.6142852000989428]], [[0.6142842644893171, -0.0017453283658983086, -0.7890828829912062], [0.0010721293844842038, 0.9999984769132876, -0.0013772108363408935], [0.7890840848346907, -1.0842021724855044e-19, 0.6142852000989428]], [[0.6142842644893171, -0.0017453283658983086, -0.7890828829912062], [0.0010721293844842038, 0.9999984769132876, -0.0013772108363408935], [0.7890840848346907, -1.0842021724855044e-19, 0.6142852000989428]], [[0.6142842644893171, -0.0017453283658983086, -0.7890828829912062], [0.0010721293844842038, 0.9999984769132876, -0.0013772108363408935], [0.7890840848346907, -1.0842021724855044e-19, 0.6142852000989428]], [[0.6142842644893171, -0.0017453283658983086, -0.7890828829912062], [0.0010721293844842038, 0.9999984769132876, -0.0013772108363408935], [0.7890840848346907, -1.0842021724855044e-19, 0.6142852000989428]], [[0.6142842644893171, -0.0017453283658983086, -0.7890828829912062], [0.0010721293844842038, 0.9999984769132876, -0.0013772108363408935], [0.7890840848346907, -1.0842021724855044e-19, 0.6142852000989428]], [[0.6142842644893171, -0.0017453283658983086, -0.7890828829912062], [0.0010721293844842038, 0.9999984769132876, -0.0013772108363408935], [0.7890840848346907, -1.0842021724855044e-19, 0.6142852000989428]], [[0.6142842644893171, -0.0017453283658983086, -0.7890828829912062], [0.0010721293844842038, 0.9999984769132876, -0.0013772108363408935], [0.7890840848346907, -1.0842021724855044e-19, 0.6142852000989428]], [[0.6142842644893171, -0.0017453283658983086, -0.7890828829912062], [0.0010721293844842038, 0.9999984769132876, -0.0013772108363408935], [0.7890840848346907, -1.0842021724855044e-19, 0.6142852000989428]], [[0.6142842644893171, -0.0017453283658983086, -0.7890828829912062], [0.0010721293844842038, 0.9999984769132876, -0.0013772108363408935], [0.7890840848346907, -1.0842021724855044e-19, 0.6142852000989428]], [[0.6142842644893171, -0.0017453283658983086, -0.7890828829912062], [0.0010721293844842038, 0.9999984769132876, -0.0013772108363408935], [0.7890840848346907, -1.0842021724855044e-19, 0.6142852000989428]], [[0.6142842644893171, -0.0017453283658983086, -0.7890828829912062], [0.0010721293844842038, 0.9999984769132876, -0.0013772108363408935], [0.7890840848346907, -1.0842021724855044e-19, 0.6142852000989428]], [[0.6142842644893171, -0.0017453283658983086, -0.7890828829912062], [0.0010721293844842038, 0.9999984769132876, -0.0013772108363408935], [0.7890840848346907, -1.0842021724855044e-19, 0.6142852000989428]], [[0.6142842644893171, -0.0017453283658983086, -0.7890828829912062], [0.0010721293844842038, 0.9999984769132876, -0.0013772108363408935], [0.7890840848346907, -1.0842021724855044e-19, 0.6142852000989428]], [[0.6142842644893171, -0.0017453283658983086, -0.7890828829912062], [0.0010721293844842038, 0.9999984769132876, -0.0013772108363408935], [0.7890840848346907, -1.0842021724855044e-19, 0.6142852000989428]], [[0.6142842644893171, -0.0017453283658983086, -0.7890828829912062], [0.0010721293844842038, 0.9999984769132876, -0.0013772108363408935], [0.7890840848346907, -1.0842021724855044e-19, 0.6142852000989428]], [[0.6142842644893171, -0.0017453283658983086, -0.7890828829912062], [0.0010721293844842038, 0.9999984769132876, -0.0013772108363408935], [0.7890840848346907, -1.0842021724855044e-19, 0.6142852000989428]], [[0.6142842644893171, -0.0017453283658983086, -0.7890828829912062], [0.0010721293844842038, 0.9999984769132876, -0.0013772108363408935], [0.7890840848346907, -1.0842021724855044e-19, 0.6142852000989428]], [[0.6142842644893171, -0.0017453283658983086, -0.7890828829912062], [0.0010721293844842038, 0.9999984769132876, -0.0013772108363408935], [0.7890840848346907, -1.0842021724855044e-19, 0.6142852000989428]], [[0.6142842644893171, -0.0017453283658983086, -0.7890828829912062], [0.0010721293844842038, 0.9999984769132876, -0.0013772108363408935], [0.7890840848346907, -1.0842021724855044e-19, 0.6142852000989428]], [[0.6142842644893171, -0.0017453283658983086, -0.7890828829912062], [0.0010721293844842038, 0.9999984769132876, -0.0013772108363408935], [0.7890840848346907, -1.0842021724855044e-19, 0.6142852000989428]], [[0.6142842644893171, -0.0017453283658983086, -0.7890828829912062], [0.0010721293844842038, 0.9999984769132876, -0.0013772108363408935], [0.7890840848346907, -1.0842021724855044e-19, 0.6142852000989428]], [[0.6142842644893171, -0.0017453283658983086, -0.7890828829912062], [0.0010721293844842038, 0.9999984769132876, -0.0013772108363408935], [0.7890840848346907, -1.0842021724855044e-19, 0.6142852000989428]], [[0.6142842644893171, -0.0017453283658983086, -0.7890828829912062], [0.0010721293844842038, 0.9999984769132876, -0.0013772108363408935], [0.7890840848346907, -1.0842021724855044e-19, 0.6142852000989428]], [[0.6142842644893171, -0.0017453283658983086, -0.7890828829912062], [0.0010721293844842038, 0.9999984769132876, -0.0013772108363408935], [0.7890840848346907, -1.0842021724855044e-19, 0.6142852000989428]], [[0.6142842644893172, -0.0017453283658983032, -0.7890828829912061], [0.0010721293844841951, 0.9999984769132876, -0.0013772108363408933], [0.7890840848346906, 6.93091419847529e-18, 0.6142852000989429]], [[0.6142842644893174, -0.0017453283658982876, -0.7890828829912059], [0.0010721293844841702, 0.9999984769132876, -0.0013772108363408928], [0.7890840848346904, 2.6992401260434138e-17, 0.6142852000989432]], [[0.6142842644893232, -0.001745328365897925, -0.7890828829912014], [0.0010721293844835902, 0.9999984769132876, -0.001377210836340885], [0.789084084834686, 4.926521287625865e-16, 0.6142852000989489]], [[0.6142842644894635, -0.0017453283658890638, -0.7890828829910922], [0.0010721293844694099, 0.9999984769132876, -0.0013772108363406944], [0.7890840848345767, 1.187529631337696e-14, 0.6142852000990893]], [[0.6142842644937446, -0.001745328365615994, -0.7890828829877601], [0.001072129384032348, 0.999998476913288, -0.0013772108363348788], [0.7890840848312446, 3.626493460478396e-13, 0.6142852001033696]], [[0.6142842645456026, -0.0017453283621962665, -0.7890828829473973], [0.0010721293785558375, 0.999998476913294, -0.0013772108362644323], [0.7890840847908818, 4.7554895245382374e-12, 0.614285200155218]], [[0.6142842647974902, -0.0017453283443690751, -0.7890828827513475], [0.0010721293499743431, 0.9999984769133251, -0.0013772108359222605], [0.7890840845948317, 2.7655559901557863e-11, 0.6142852004070555]], [[0.6142842655427843, -0.0017453282848941718, -0.7890828821712835], [0.0010721292544551419, 0.9999984769134289, -0.0013772108349098568], [0.7890840840147668, 1.040545535675567e-10, 0.6142852011521817]], [[0.6142842676225458, -0.0017453280810179616, -0.7890828805526842], [0.0010721289261922218, 0.9999984769137847, -0.0013772108320848659], [0.789084082396165, 3.6594547462222756e-10, 0.6142852032313671]], [[0.6142842703159164, -0.0017453277472252368, -0.7890828784566907], [0.0010721283875074331, 0.9999984769143673, -0.0013772108284266658], [0.7890840803001683, 7.947217577683094e-10, 0.6142852059237934]], [[0.6142842730204965, -0.0017453273322304357, -0.7890828763521504], [0.001072127716652273, 0.9999984769150916, -0.0013772108247535509], [0.7890840781956248, 1.3278068546499437e-09, 0.6142852086271985]], [[0.614284275685454, -0.001745326674612545, -0.789082874278992], [0.001072126650758614, 0.9999984769162393, -0.0013772108211352106], [0.7890840761224633, 2.172555496108669e-09, 0.6142852112902916]], [[0.614284276871681, -0.0017453249206483324, -0.789082873359419], [0.001072123797527363, 0.9999984769193005, -0.0013772108195302557], [0.7890840752028888, 4.42562509488991e-09, 0.614285212471537]], [[0.6142842759657463, -0.0017453239367866604, -0.789082874066846], [0.0010721221943047388, 0.9999984769210177, -0.0013772108207649426], [0.7890840759103169, 5.68945294741229e-09, 0.6142852115628056]], [[0.6142842752306182, -0.0017453233976646764, -0.78908287464032], [0.0010721213153778654, 0.9999984769219586, -0.0013772108217658375], [0.7890840764837919, 6.381986664598716e-09, 0.6142852108261446]], [[0.6142842749254079, -0.001745323197932291, -0.7890828748783615], [0.001072120989698172, 0.9999984769223073, -0.0013772108221812955], [0.7890840767218337, 6.638554594537808e-09, 0.6142852105203664]], [[0.6142842746373315, -0.0017453230181930894, -0.7890828751030204], [0.0010721206965955516, 0.999998476922621, -0.0013772108225733966], [0.789084076946493, 6.8694401107982645e-09, 0.6142852102317788]], [[0.614284274326884, -0.001745322832269011, -0.7890828753451085], [0.0010721203933854431, 0.9999984769229455, -0.0013772108229959167], [0.7890840771885813, 7.1082704633422786e-09, 0.6142852099208027]], [[0.6142842729670304, -0.001745322085128, -0.7890828764053782], [0.0010721191747312792, 0.9999984769242495, -0.0013772108248464217], [0.7890840782488526, 8.06801679060788e-09, 0.6142852085588242]], [[0.6142842704630599, -0.0017453208769265286, -0.7890828783573385], [0.0010721172035138026, 0.9999984769263581, -0.0013772108282532026], [0.7890840802008158, 9.620022253608302e-09, 0.6142852060514171]], [[0.6142842582464053, -0.0017453160503443066, -0.7890828878784202], [0.001072109324934313, 0.9999984769347819, -0.0013772108448703898], [0.7890840897219119, 1.5820049561601182e-08, 0.6142851938210305]], [[0.6142841675487342, -0.0017452878759792044, -0.7890829585469377], [0.0010720633012094806, 0.9999984769839536, -0.0013772109682053234], [0.7890841603905354, 5.201167501993949e-08, 0.6142851030431722]], [[0.6142827442801325, -0.001744876857459875, -0.7890840674379512], [0.0010713917137337343, 0.999998477701049, -0.001377212902869524], [0.7890852692830252, 5.799901403668806e-07, 0.6142836786047622]], [[0.6142822000589928, -0.0017447129750379953, -0.7890844914629344], [0.0010711239767349095, 0.9999984779868464, -0.0013772136423343794], [0.7890856933084703, 7.905076887996772e-07, 0.6142831339173047]], [[0.6142819177961737, -0.0017446265945026444, -0.7890847113882641], [0.0010709828635656962, 0.9999984781374582, -0.0013772140257930854], [0.7890859132340154, 9.014691814518452e-07, 0.6142828514087193]], [[0.6142818246084016, -0.0017445978818914126, -0.7890847839959929], [0.0010709359590984231, 0.9999984781875167, -0.0013772141523798124], [0.7890859858418117, 9.383524416638383e-07, 0.6142827581392589]], [[0.6142817448927806, -0.0017445732459032966, -0.7890848461069759], [0.001070895714553708, 0.9999984782304662, -0.0013772142606617729], [0.7890860479528508, 9.699990153020479e-07, 0.6142826783535492]], [[0.6142816946822586, -0.0017445576937218552, -0.7890848852289246], [0.0010708703092118604, 0.9999984782575785, -0.0013772143288634285], [0.7890860870748341, 9.899768354124794e-07, 0.6142826280987823]], [[0.6142816500771288, -0.0017445438555017275, -0.7890849199834296], [0.0010708477038435132, 0.9999984782817022, -0.0013772143894499257], [0.7890861218293693, 1.0077529594679692e-06, 0.6142825834542842]], [[0.6142816049084696, -0.0017445298213039878, -0.7890849551770561], [0.001070824778454044, 0.9999984783061671, -0.0013772144508006306], [0.7890861570230261, 1.0257808320576098e-06, 0.6142825382456996]], [[0.6142815515355176, -0.001744513210786343, -0.7890849967631965], [0.0010707976446997609, 0.9999984783351223, -0.0013772145232932907], [0.7890861986092017, 1.0471181639013858e-06, 0.6142824848254933]], [[0.6142814679631603, -0.0017444871432042424, -0.7890850618796629], [0.001070755062884473, 0.9999984783805617, -0.0013772146368001633], [0.7890862637257218, 1.080603739797947e-06, 0.6142824011789793]], [[0.6142813964756852, -0.0017444647891074012, -0.7890851175801511], [0.0010707185474158596, 0.9999984784195265, -0.0013772147338901289], [0.7890863194262547, 1.1093190980252013e-06, 0.6142823296279126]], [[0.6142813299838913, -0.0017444439514166825, -0.7890851693882742], [0.0010706845092516278, 0.9999984784558469, -0.0013772148241924563], [0.7890863712344184, 1.1360865342509495e-06, 0.6142822630768419]], [[0.6142812718615602, -0.0017444257009055786, -0.7890852146752703], [0.001070654697415858, 0.9999984784876569, -0.001377214903126017], [0.7890864165214491, 1.1595305654661033e-06, 0.6142822049025944]], [[0.6142812129018138, -0.0017444071537676157, -0.7890852606148197], [0.0010706244012305057, 0.9999984785199829, -0.0013772149831947139], [0.7890864624610329, 1.1833556378409255e-06, 0.6142821458900886]], [[0.6142811545952628, -0.0017443887790769964, -0.7890853060454857], [0.0010705943869130455, 0.9999984785520075, -0.0013772150623742481], [0.7890865078917322, 1.2069591933800727e-06, 0.6142820875312692]], [[0.6142810502374492, -0.0017443558108105588, -0.7890853873580357], [0.0010705405350184896, 0.9999984786094646, -0.0013772152040855445], [0.7890865892043398, 1.2493092111071877e-06, 0.6142819830796766]], [[0.6142808066533928, -0.0017442784630495945, -0.7890855771523769], [0.0010704141937511616, 0.9999984787442547, -0.0013772155348308938], [0.7890867789988057, 1.3486678032734784e-06, 0.6142817392756116]], [[0.6142801736622827, -0.0017440749972041992, -0.7890860703673835], [0.0010700818621810447, 0.9999984790987491, -0.0013772163941494432], [0.7890872722140709, 1.6100341688099906e-06, 0.6142811057058194]], [[0.6142790217207857, -0.0017436963878479767, -0.7890869679551556], [0.0010694635037709005, 0.9999984797581002, -0.0013772179573075319], [0.789088169802062, 2.0963859818922796e-06, 0.6142799526877276]], [[0.6142754379604074, -0.0017424616744880364, -0.7890897605126188], [0.0010674472195442183, 0.9999984819057235, -0.0013772228146463413], [0.7890909623579416, 3.68247680593798e-06, 0.6142763654182508]], [[0.6142729533211515, -0.001741564300190692, -0.7890916966816329], [0.0010659820115121973, 0.9999984834640541, -0.001377226176903331], [0.7890928985236535, 4.8352369813479705e-06, 0.6142738782303535]], [[0.6142720548038378, -0.0017412326507430724, -0.7890923968686596], [0.0010654405364187798, 0.999998484039438, -0.0013772273916696498], [0.7890935987090083, 5.2612732093204584e-06, 0.6142729787714784]], [[0.6142717501896093, -0.0017411194119619357, -0.7890926342465674], [0.001065255658138587, 0.999998484235831, -0.0013772278033604892], [0.7890938360862897, 5.406739753400511e-06, 0.614272673835806]], [[0.6142715301817215, -0.0017410373781256321, -0.7890928056933821], [0.0010651217274344244, 0.9999984843780833, -0.0013772281006609037], [0.7890940075326331, 5.512120496027735e-06, 0.6142724535950678]], [[0.6142713074143186, -0.0017409541067975169, -0.7890929792909712], [0.0010649857772943591, 0.9999984845224631, -0.0013772284016528803], [0.7890941811297286, 5.619090983730745e-06, 0.6142722305913139]], [[0.6142709530702274, -0.0017408212246388234, -0.7890932554240074], [0.0010647688335880393, 0.9999984847528226, -0.0013772288803467478], [0.7890944572619457, 5.789791756430166e-06, 0.614271875870085]], [[0.6142700188313842, -0.0017404684210668138, -0.7890939834611373], [0.0010641928565220866, 0.9999984853642025, -0.0013772301419765088], [0.7890951852967132, 6.24300492316047e-06, 0.6142709406300857]], [[0.6142676159722372, -0.00173954549317757, -0.7890958559954937], [0.0010626861783598058, 0.9999984869620013, -0.0013772333837698142], [0.7890970578236048, 7.428607718250441e-06, 0.6142685351529458]], [[0.6142649375510277, -0.0017384923490728395, -0.789097943312352], [0.001060967026116971, 0.9999984887824763, -0.0013772369919371498], [0.7890991451296856, 8.781496614114707e-06, 0.6142658537461482]], [[0.6142586739708426, -0.0017359407847319071, -0.7891028247073848], [0.001056802216544298, 0.9999984931809465, -0.001377245406772319], [0.7891040264886857, 1.205932306426757e-05, 0.6142595829402386]], [[0.614258088799899, -0.0017356965983975753, -0.7891032807568432], [0.0010564036642963636, 0.9999984936009781, -0.0013772461912357817], [0.7891044825339625, 1.237301593562017e-05, 0.6142589970783622]], [[0.6142575441869883, -0.0017354684975550902, -0.7891037051987931], [0.0010560313693836222, 0.999998493993198, -0.0013772469210646201], [0.7891049069718907, 1.2666045085472906e-05, 0.6142584518201232]], [[0.6142560365553883, -0.0017348328954543293, -0.7891048801712546], [0.001054993986674129, 0.9999984950853895, -0.0013772489400887735], [0.7891060819325579, 1.3482571853156825e-05, 0.6142569423907775]], [[0.6142540166757052, -0.001733971958137193, -0.7891064543767277], [0.0010535888632928158, 0.99999849656308, -0.0013772516420179743], [0.7891076561206771, 1.4588580798950714e-05, 0.6142549200770834]], [[0.6142518850186321, -0.0017330520674933628, -0.7891081157113949], [0.0010520875642891115, 0.9999984981397856, -0.001377254489573197], [0.7891093174350519, 1.5770330951138717e-05, 0.6142527858206935]], [[0.614245057378563, -0.0017300316717626441, -0.7891134370142358], [0.001047158418742287, 0.9999985033010143, -0.0013772635827028594], [0.7891146386585736, 1.9650569470605122e-05, 0.6142459496558391]], [[0.6142336204655109, -0.001724742144167564, -0.78912235094082], [0.0010385269347535984, 0.9999985122814633, -0.0013772787171169095], [0.7891235523995186, 2.6446076536690824e-05, 0.6142344978499408]], [[0.6142322736954767, -0.001724101834360536, -0.7891234006312], [0.0010374821282585786, 0.9999985133635356, -0.00137728049101047], [0.789124602063399, 2.7268702364279517e-05, 0.6142331492802222]], [[0.6142309903587948, -0.0017234884527705329, -0.7891244008839208], [0.0010364812708029579, 0.9999985143990823, -0.001377282179696197], [0.7891256022899198, 2.8056735388526028e-05, 0.6142318642201743]], [[0.6142281432888619, -0.0017221167022291144, -0.7891266199451017], [0.001034243011912912, 0.9999985167113424, -0.001377285920213672], [0.7891278212896241, 2.9819081358057763e-05, 0.6142290132983894]], [[0.6142251933391122, -0.0017206799415256124, -0.7891289192065316], [0.001031898722093856, 0.9999985191278373, -0.0013772897873606505], [0.7891301204823935, 3.166496262905484e-05, 0.6142260593175553]], [[0.6142219247334553, -0.00171907033738844, -0.789131466850679], [0.0010292724623391064, 0.9999985218285394, -0.0013772940619795582], [0.7891326680444342, 3.373292167837402e-05, 0.6142227861998955]], [[0.6142164637739461, -0.001716341597981829, -0.7891357233078143], [0.0010248203093470992, 0.9999985263913111, -0.0013773011793195506], [0.789136924349863, 3.723874383617912e-05, 0.6142173176009563]], [[0.6142092009268083, -0.001712639972781173, -0.7891413842659468], [0.0010187810074761096, 0.9999985325493118, -0.0013773105969549103], [0.789142585077063, 4.199458668014799e-05, 0.6142100444101714]], [[0.614199651997462, -0.001707655185012261, -0.789148827154907], [0.001010648484095697, 0.9999985407845792, -0.0013773228934151152], [0.7891500276093497, 4.839917593369735e-05, 0.614200481586983]], [[0.6141900474131196, -0.0017025144978707653, -0.7891563134785491], [0.0010022619094507978, 0.9999985492084064, -0.0013773351611418602], [0.789157513510284, 5.500423432331291e-05, 0.614190862716794]], [[0.614186197417589, -0.001700419786020504, -0.7891593143809894], [0.000998844646882519, 0.9999985526208313, -0.0013773400498240664], [0.7891605142245101, 5.769569104546579e-05, 0.6141870069124824]], [[0.6141843690476374, -0.0016994183598942458, -0.7891607395168573], [0.000997210958149763, 0.9999985542481108, -0.0013773423656171634], [0.7891619392671315, 5.8982414601377094e-05, 0.6141851757680371]], [[0.6141825226126544, -0.0016984027503490343, -0.7891621787346713], [0.0009955541398439902, 0.9999985558957222, -0.0013773447004445862], [0.7891633783882208, 6.028736857862195e-05, 0.614183326520936]], [[0.6141787961381913, -0.001696340069333918, -0.7891650833663453], [0.0009921892036433898, 0.9999985592335678, -0.0013773494007520528], [0.789166282816762, 6.29377212071315e-05, 0.6141795943403016]], [[0.6141722720702388, -0.0016926877874300086, -0.78917016861266], [0.0009862311661165437, 0.9999985651160465, -0.0013773575912658324], [0.7891713676814225, 6.763062562567467e-05, 0.614173060185752]], [[0.6141591673495702, -0.001685198137112539, -0.7891803832253566], [0.0009740134388948117, 0.9999985770684773, -0.0013773738928095696], [0.7891815814236308, 7.725450416330671e-05, 0.6141599348487644]], [[0.6141456312335454, -0.0016772541944894395, -0.7891909340933387], [0.0009610549869901455, 0.9999985895833453, -0.0013773905151049479], [0.7891921312393209, 8.746248445641205e-05, 0.6141463769658274]], [[0.6141302387224704, -0.001667972805108787, -0.7892029319214433], [0.000945915224115667, 0.9999986039932457, -0.0013774091431255798], [0.7892041276698125, 9.938953766501203e-05, 0.6141309591533796]], [[0.6141152609771052, -0.0016586945450567602, -0.7892146064078056], [0.0009307809072274183, 0.9999986181699511, -0.0013774269817639435], [0.7892158005779688, 0.00011131304303348325, 0.6141159562553983]], [[0.6140955814497236, -0.0016461402873856647, -0.7892299456217303], [0.0009103033639137237, 0.9999986369887444, -0.001377449976588615], [0.7892311373683321, 0.00012744726989018725, 0.6140962429175759]], [[0.6140696992761295, -0.0016290072931460853, -0.7892501192690199], [0.0008823580012820514, 0.999998661996499, -0.0013774794257039545], [0.7892513071736283, 0.0001494672189512499, 0.614070315016342]], [[0.6140295551417648, -0.0016010290495539433, -0.7892814086993234], [0.0008367243650070537, 0.9999987011601912, -0.0013775232362863252], [0.7892825890039277, 0.00018542899446852165, 0.6140300972357504]], [[0.6140220701010076, -0.0015956201836487623, -0.7892872426595418], [0.0008279024306685778, 0.9999987084919213, -0.0013775311443119578], [0.7892884213051894, 0.0001923816981655034, 0.6140225981043728]], [[0.6140197446114142, -0.0015939272005314434, -0.7892890551777674], [0.0008251411603000333, 0.9999987107708135, -0.001377533584110453], [0.7892902332915307, 0.00019455793270764578, 0.6140202682141787]], [[0.6140175635053314, -0.0015923339020143686, -0.7892907551591621], [0.0008225424798868759, 0.9999987129085758, -0.0013775358650134383], [0.7892919327668596, 0.00019660604037635766, 0.6140180829708684]], [[0.6140139710626142, -0.0015896981222690047, -0.7892935551490325], [0.0008182435129924188, 0.9999987164302692, -0.0013775396061185587], [0.7892947319078422, 0.00019999423250146507, 0.6140144836930435]], [[0.6140057363351008, -0.0015836019041776648, -0.7892999733641194], [0.0008083005915356934, 0.9999987245048688, -0.0013775481073196284], [0.7893011481036527, 0.00020783080460248722, 0.61400623320013]], [[0.6139899317094183, -0.0015716861344866767, -0.7893122915311521], [0.0007888661187979151, 0.9999987400028635, -0.001377564129463615], [0.7893134620983672, 0.00022314878183503971, 0.6139903979338038]], [[0.6139583620199262, -0.0015470038208894351, -0.7893368966955665], [0.000748610053072798, 0.9999987709068242, -0.0013775949433677084], [0.789338057671615, 0.00025488039882938426, 0.6139587655105061]], [[0.6139204169279847, -0.001515667037663588, -0.7893664702990623], [0.000697501594039096, 0.9999988078131387, -0.0013776297856594388], [0.7893676172547844, 0.0002951706810698409, 0.613920742200305]], [[0.6138966713645397, -0.0014950309641059514, -0.7893849769092104], [0.0006638458523921987, 0.9999988306934717, -0.00137765030838538], [0.789386113506073, 0.0003217049957602241, 0.6138969460012593]], [[0.6138856975463618, -0.0014851999889721771, -0.789393529571284], [0.0006478124789764324, 0.9999988411960498, -0.0013776594456905466], [0.7893946609187379, 0.00033434645051954475, 0.6138859483042776]], [[0.6138801930483044, -0.0014801940943326999, -0.7893978196121519], [0.0006396483832748476, 0.999998846445335, -0.0013776639443651155], [0.7893989482086498, 0.00034078356904694145, 0.6138804317077038]], [[0.6138747491116807, -0.0014751922944326965, -0.78940206245662], [0.0006314909908955901, 0.9999988516238805, -0.0013776683371846917], [0.7894031882518588, 0.00034721551421260403, 0.6138749757232227]], [[0.6138698746999421, -0.001470669443146911, -0.7894058614345768], [0.0006241147340067953, 0.9999988562493684, -0.001377672222408245], [0.7894069846515651, 0.00035303164531469286, 0.6138700904523541]], [[0.6138650521412831, -0.0014661522339058368, -0.7894096200054866], [0.0006167477004558963, 0.9999988608148777, -0.0013776760212031519], [0.789410740604569, 0.0003588405947335201, 0.6138652570813679]], [[0.613860674982436, -0.001462014592453073, -0.7894130314502286], [0.0006099997166850543, 0.9999988649492221, -0.00137767942995689], [0.7894141496137841, 0.0003641614992506236, 0.613860870047887]], [[0.613852512361235, -0.0014541995028583686, -0.7894193932071886], [0.0005972543206719367, 0.9999988726340775, -0.0013776856858834401], [0.7894205066725063, 0.0003742116761084477, 0.6138526888517678]], [[0.6138423300136467, -0.001444261021876027, -0.7894273291402558], [0.0005810460528950146, 0.9999988821726983, -0.001377693302905769], [0.7894284364455728, 0.0003869928334554736, 0.613842483026098]], [[0.6138373664196908, -0.0014393361640217357, -0.7894311976976494], [0.0005730143454326587, 0.999998886802231, -0.0013776969395265673], [0.7894323018736302, 0.0003933264600706165, 0.6138375078575744]], [[0.6138324522248534, -0.0014344063447170059, -0.7894350277724325], [0.0005649745769562343, 0.9999988913719285, -0.0013777004898617735], [0.7894361287649246, 0.00039966654927306986, 0.613832582116084]], [[0.6138300339022535, -0.0014319600971070576, -0.7894369125964649], [0.000560985139048901, 0.9999988936155226, -0.001377702218547689], [0.7894380119903224, 0.00040281262333507356, 0.613830158078567]], [[0.6138296229648814, -0.001431543065577578, -0.7894372328787406], [0.0005603050282062954, 0.9999988939964208, -0.001377702511079417], [0.7894383319988124, 0.0004033489618984251, 0.6138297461678996]], [[0.6138292964248023, -0.0014312114007139418, -0.7894374873823503], [0.000559764136722638, 0.9999988942990192, -0.0013777027432788158], [0.78943858628442, 0.0004037755119682844, 0.6138294188539619]], [[0.6138289991368037, -0.0014309092290159108, -0.7894377190871286], [0.0005592713439228887, 0.9999988945744549, -0.0013777029544824399], [0.7894388177903807, 0.0004041641315604936, 0.6138291208610757]], [[0.6138287079012138, -0.0014306130073162098, -0.7894379460747688], [0.0005587882547162412, 0.9999988948442317, -0.0013777031612059597], [0.7894390445829323, 0.00040454509922057606, 0.6138288289346224]], [[0.6138284378451544, -0.001430338148956094, -0.7894381565552535], [0.0005583400057291395, 0.9999988950943439, -0.001377703352736395], [0.7894392548822333, 0.0004048985919703499, 0.6138285582376523]], [[0.61382767783162, -0.0014295636946118487, -0.7894387489067685], [0.0005570769980124219, 0.9999988957979934, -0.0013777038909320374], [0.789439846722383, 0.00040589461175473374, 0.6138277964189183]], [[0.6138269453882542, -0.001428816037175113, -0.7894393197707199], [0.0005558576923884623, 0.9999988964757849, -0.0013777044084509558], [0.7894404170914682, 0.00040685617011891064, 0.6138270622337417]], [[0.6138261706006832, -0.001428023764215744, -0.7894399236381636], [0.0005545656270221361, 0.9999988971924029, -0.0013777049546546982], [0.7894410204332344, 0.0004078751102845744, 0.6138262856014136]], [[0.6138248315534267, -0.0014266511054359262, -0.7894409672895312], [0.0005523270508968148, 0.9999988984300395, -0.0013777058956479247], [0.7894420631707157, 0.0004096404880060932, 0.6138249433604295]], [[0.6138216694479427, -0.0014233923979803083, -0.7894434318367731], [0.0005470126557472793, 0.9999989013481649, -0.0013777081026276382], [0.7894445255325387, 0.00041383153935557347, 0.6138217736852954]], [[0.6138184617079936, -0.001420061560763868, -0.7894459319621554], [0.000541580643654799, 0.9999989043017399, -0.0013777103195941394], [0.7894470234010887, 0.0004181153930897746, 0.6138185582260276]], [[0.6138148550213969, -0.0014162856996746934, -0.789448743041547], [0.0005354228931613952, 0.9999989076143053, -0.0013777127857764141], [0.7894498318939509, 0.0004229716438605411, 0.6138149428106174]], [[0.6138074655280507, -0.0014084451459622752, -0.7894545025169606], [0.0005226364194995387, 0.9999989143718973, -0.0013777177499163242], [0.7894555859028449, 0.00043305576573589256, 0.6138075352661451]], [[0.6138031797666282, -0.0014038316403320091, -0.7894578429308952], [0.0005151126939119711, 0.9999989182718808, -0.0013777205737402953], [0.7894589230398812, 0.0004389895127896281, 0.6138032389299676]], [[0.6137989241036208, -0.0013992011105174679, -0.7894611599093967], [0.0005075612328924462, 0.9999989221294191, -0.001377723337039774], [0.7894622366844615, 0.0004449452223431482, 0.6137989726880592]], [[0.6137948226340175, -0.001394690722827154, -0.789464356728955], [0.0005002057258893935, 0.9999989258321259, -0.0013777259614341424], [0.7894654302133228, 0.00045074647051533933, 0.6137948609476237]], [[0.6137935052913159, -0.0013932319575734211, -0.789465383514003], [0.0004978267877972756, 0.9999989270181059, -0.001377726796214187], [0.7894664559249424, 0.00045262274363015855, 0.6137935402901886]], [[0.6137922443105034, -0.0013918309617471838, -0.7894663663708856], [0.0004955420619707016, 0.9999989281517991, -0.0013777275915481393], [0.7894674377467005, 0.00045442471941688944, 0.6137922761291758]], [[0.6137906147798096, -0.0013900137206720692, -0.7894676364931497], [0.0004925785324622816, 0.9999989296145544, -0.0013777286139122086], [0.7894687065201591, 0.0004567620831226462, 0.6137906424781879]], [[0.6137885325268898, -0.0013876804046389448, -0.7894692594911988], [0.0004887734016919237, 0.9999989314798551, -0.0013777299113746464], [0.7894703277761927, 0.0004597632450283273, 0.6137885549427503]], [[0.6137874027972301, -0.0013864091604894476, -0.7894701400541193], [0.0004867002819216002, 0.999998932490029, -0.001377730611100688], [0.7894712073852135, 0.00046139835380870533, 0.6137874223387871]], [[0.6137862747024588, -0.0013851360113151059, -0.7894710193446673], [0.00048462405747067423, 0.9999989334974152, -0.0013777313068448387], [0.7894720857170322, 0.00046303591771892043, 0.6137862913680446]], [[0.6137837109912998, -0.001382228636167295, -0.7894730176299543], [0.00047988277967323336, 0.9999989357817519, -0.0013777328769145158], [0.7894740818001986, 0.0004667754917700317, 0.6137837210991945]], [[0.6137815300801431, -0.001379739923621678, -0.7894747175497272], [0.0004758242549498701, 0.9999989377193109, -0.0013777342003731946], [0.7894757798208614, 0.0004699765862689424, 0.6137815345855979]], [[0.6137798540992301, -0.0013778176609915297, -0.7894760239047294], [0.0004726894864129103, 0.9999989392046074, -0.001377735209771748], [0.7894770847001056, 0.0004724490997662412, 0.6137798542843116]], [[0.6137781818685359, -0.0013758911916513328, -0.7894773273410599], [0.00046954786209169486, 0.9999989406833084, -0.0013777362102534955], [0.7894783866496664, 0.000474927035000976, 0.6137781777298307]], [[0.6137740279576135, -0.0013710685538746762, -0.7894805651665576], [0.0004616832783425557, 0.9999989443418008, -0.0013777386665325415], [0.7894816207190879, 0.0004811302353167977, 0.6137740130214534]], [[0.6137709925141456, -0.0013675104695733786, -0.7894829312045424], [0.0004558808999587559, 0.9999989470013942, -0.001377740435111482], [0.7894839839545869, 0.00048570692510564, 0.6137709696360499]], [[0.613769606089776, -0.0013658756652585801, -0.7894840118862877], [0.00045321493274476333, 0.9999989482121027, -0.0013777412354475844], [0.7894850633397864, 0.0004878097520241938, 0.6137695795695806]], [[0.6137682224528723, -0.0013642380519881948, -0.7894850903985323], [0.0004505443878161938, 0.9999989494177749, -0.0013777420294901453], [0.7894861405476328, 0.0004899161996951585, 0.6137681922886856]], [[0.6137668788262193, -0.0013626419290191257, -0.7894861377268724], [0.0004479415062509955, 0.9999989505860462, -0.0013777427960762788], [0.7894871865992054, 0.0004919692860753882, 0.6137668451145706]], [[0.6137641941370285, -0.0013594352809329958, -0.7894882303942476], [0.00044271226527621863, 0.9999989529126783, -0.0013777443144536053], [0.7894892766853611, 0.0004960940060007377, 0.6137641533109952]], [[0.6137602113054382, -0.0013546347396770312, -0.789491334963865], [0.00043488380410483264, 0.9999989563447372, -0.00137774653404454], [0.7894923773503968, 0.0005022690088036221, 0.6137601598600725]], [[0.6137590616736013, -0.001353239328510618, -0.7894922310934163], [0.00043260824822253954, 0.9999989573308791, -0.001377747167343218], [0.7894932723358982, 0.0005040639575734068, 0.6137590071484754]], [[0.6137582124773855, -0.0013522057526064014, -0.789492893037149], [0.0004309227537040769, 0.9999989580579767, -0.0013777476330062107], [0.7894939334296024, 0.0005053934729814727, 0.6137581556731383]], [[0.6137573731104501, -0.0013511817665551645, -0.7894935473203017], [0.0004292528988620067, 0.99999895877553, -0.0013777480914923302], [0.7894945868684022, 0.0005067106556221787, 0.6137573140499448]], [[0.6137561685893068, -0.0013497081693031687, -0.7894944862419446], [0.00042684984705538366, 0.9999989598032585, -0.0013777487463239192], [0.7894955245710915, 0.0005086061911190451, 0.6137561062848659]], [[0.613753676391726, -0.0013466436387037277, -0.7894964289131085], [0.00042185240618150646, 0.9999989619220798, -0.0013777500894989107], [0.789497464692692, 0.0005125482143702828, 0.6137536073524454]], [[0.6137504925821439, -0.001342697734061815, -0.7894989107136062], [0.0004154176909781362, 0.9999989646135476, -0.0013777517823329638], [0.7894999431813269, 0.0005176240205443816, 0.6137504148935912]], [[0.613749228667549, -0.0013411215560358287, -0.7894998959486699], [0.0004128473705483876, 0.9999989656770861, -0.0013777524471292588], [0.7895009270843435, 0.0005196515456297752, 0.6137491475311665]], [[0.6137479759501756, -0.0013395538394694393, -0.7895008724583994], [0.00041029085094131877, 0.9999989667283695, -0.0013777531019608417], [0.789501902264004, 0.0005216681929076707, 0.6137478913884885]], [[0.6137459059635914, -0.0013369512601943982, -0.7895024860469144], [0.0004060467569247118, 0.9999989684591996, -0.0013777541750738121], [0.7895035136330695, 0.0005250160603324487, 0.6137458157243717]], [[0.6137421105435937, -0.001332139745468982, -0.7895054446608926], [0.0003982005116217993, 0.9999989716116927, -0.0013777561135844354], [0.789506468106404, 0.0005312054729734856, 0.6137420098371118]], [[0.6137404001244995, -0.0013299544876427991, -0.789506777979822], [0.000394636969896733, 0.9999989730231623, -0.0013777569747853455], [0.7895077995287202, 0.0005340165544041866, 0.6137402946765335]], [[0.6137386948980268, -0.0013277652743108877, -0.7895081072568179], [0.00039106698240327724, 0.9999989744244681, -0.0013777578256528038], [0.789509126895619, 0.0005368327367138467, 0.6137385847077976]], [[0.6137371303565704, -0.0013257473029011791, -0.7895093268706652], [0.00038777624602415525, 0.999998975704887, -0.0013777585995099718], [0.7895103447398684, 0.0005394286462123716, 0.6137370158019396]], [[0.6137322216314798, -0.0013193569842548333, -0.789513153423321], [0.0003773554819804384, 0.9999989796882334, -0.0013777609848324736], [0.7895141656323394, 0.0005476491935584548, 0.6137320932998633]], [[0.6137249713754539, -0.0013097512792539664, -0.7895188053883104], [0.00036169142045837334, 0.9999989854717884, -0.0013777643881095164], [0.7895198089278795, 0.000560006231455135, 0.6137248224599571]], [[0.6137228874680863, -0.0013069526593980057, -0.789520429927295], [0.00035712771498386074, 0.9999989871107188, -0.0013777653394796412], [0.7895214309045896, 0.0005636064953258818, 0.613722732583769]], [[0.6137212969988022, -0.0013048051923704952, -0.7895216698061669], [0.00035362584802217894, 0.9999989883542131, -0.0013777660574362752], [0.7895226688062025, 0.0005663691017136229, 0.6137211375430806]], [[0.6137197115988379, -0.0013026545648899019, -0.7895229057387276], [0.0003501188311966014, 0.9999989895872602, -0.0013777667660522651], [0.7895239027488934, 0.0005691357853518703, 0.6137195475725166]], [[0.613717011633572, -0.0012989688056075138, -0.7895250105674931], [0.00034410849197921326, 0.999998991671893, -0.001377767956538408], [0.7895260041448315, 0.0005738773722449908, 0.6137168397916565]], [[0.6137149671538884, -0.0012961582172477304, -0.7895266044061958], [0.00033952529466655746, 0.9999989932372858, -0.001377768844253058], [0.7895275953466584, 0.0005774931079883145, 0.6137147893670432]], [[0.6137142337503564, -0.0012951458320580192, -0.7895271761563922], [0.00033787441018387856, 0.999998993796006, -0.001377769159793666], [0.7895281661429798, 0.0005787955152196561, 0.6137140538252774]], [[0.6137135324086185, -0.0012941756389621333, -0.7895277229128508], [0.0003362923286127043, 0.9999989943288862, -0.0013777694601008032], [0.7895287119832984, 0.0005800436457605288, 0.6137133504359862]], [[0.6137127643492868, -0.0012931108280539987, -0.7895283216827268], [0.00033455595583397116, 0.9999989949108572, -0.001377769787358041], [0.7895293097454141, 0.0005814135025178751, 0.6137125801311798]], [[0.6137116611277819, -0.001291577090536746, -0.7895291817433969], [0.00033205491233010456, 0.9999989957438259, -0.0013777702544556115], [0.7895301683503391, 0.0005833866282885356, 0.6137114736785748]], [[0.613709535339128, -0.00128860746145961, -0.7895308389953124], [0.0003272123865135746, 0.9999989973388606, -0.0013777711445986857], [0.7895318227695998, 0.0005872070189015953, 0.6137093416447489]], [[0.6137075522777784, -0.001285820126442468, -0.7895323849873547], [0.0003226671308202677, 0.9999989988146686, -0.0013777719631594863], [0.7895333660860329, 0.0005907929097540034, 0.6137073527346704]], [[0.6137062000462055, -0.0012839099298503414, -0.7895334391906014], [0.000319552211942429, 0.9999989998141402, -0.0013777725147517557], [0.7895344184462332, 0.000593250377660533, 0.6137059965022003]], [[0.6137048517394844, -0.0012819975223212062, -0.789534490338307], [0.00031643369046803883, 0.9999990008050587, -0.0013777730594081985], [0.7895354677410875, 0.0005957106986252101, 0.6137046441959084]], [[0.6137032438280904, -0.0012797067072049103, -0.789535743880936], [0.00031269811150771206, 0.9999990019792603, -0.0013777737019388433], [0.789536719054137, 0.0005986578540614979, 0.6137030315013959]], [[0.6137003231696321, -0.0012755169952070326, -0.7895380208690929], [0.00030586605541131954, 0.9999990040907138, -0.001377774849471912], [0.789538991936083, 0.0006040479903354126, 0.6137001021171336]], [[0.6136988169682684, -0.0012733417830247862, -0.789539195133751], [0.00030231899753810815, 0.999999005168547, -0.0013777754313310335], [0.7895401640543515, 0.0006068464542659191, 0.6136985913967944]], [[0.6136973158057641, -0.0012711639076394222, -0.7895403654754583], [0.000298767600182146, 0.9999990062351071, -0.0013777760044792271], [0.789541332237092, 0.0006096483554904534, 0.6136970857175073]], [[0.6136949198902255, -0.001267667207652621, -0.7895422333990629], [0.00029306564117900953, 0.9999990079211722, -0.0013777769051792758], [0.7895431966735325, 0.0006141469865815933, 0.6136946825661922]], [[0.6136926984126706, -0.0012644021177454536, -0.7895439653383841], [0.00028774136895210817, 0.9999990094662319, -0.0013777777247516126], [0.7895449253334988, 0.0006183476682813428, 0.6136924543501263]], [[0.613690612616035, -0.0012613161312662344, -0.789545591507275], [0.0002827091611610959, 0.9999990109005048, -0.0013777784805526897], [0.7895465483823526, 0.0006223179479061053, 0.6136903622005857]], [[0.6136881118839866, -0.0012575900418347289, -0.7895475411902403], [0.00027663316861432723, 0.9999990125985622, -0.0013777793690766416], [0.7895484942714781, 0.0006271117815102456, 0.6136878538185812]], [[0.6136858762075095, -0.001254234462919276, -0.7895492842371105], [0.0002711613610332843, 0.999999014096205, -0.0013777801470322678], [0.7895502338768183, 0.0006314289582362164, 0.6136856112721996]], [[0.613683816325959, -0.0012511221339033909, -0.78955089023635], [0.000266086217515415, 