{"b2imat": [[[1.0, 0.0, 0.0], [0.0, 1.0, 0.0], [0.0, 0.0, 1.0]], [[1.0, 0.0, 0.0], [0.0, 1.0, 0.0], [0.0, 0.0, 1.0]], [[1.0, 0.0, 0.0], [0.0, 1.0, 0.0], [0.0, 0.0, 1.0]], [[1.0, 0.0, 0.0], [0.0, 1.0, 0.0], [0.0, 0.0, 1.0]], [[1.0, 0.0, 0.0], [0.0, 1.0, 0.0], [0.0, 0.0, 1.0]], [[1.0, 0.0, 0.0], [0.0, 1.0, 0.0], [0.0, 0.0, 1.0]], [[1.0, 0.0, 0.0], [0.0, 1.0, 0.0], [0.0, 0.0, 1.0]], [[1.0, 0.0, 0.0], [0.0, 1.0, 0.0], [0.0, 0.0, 1.0]], [[1.0, 0.0, 0.0], [0.0, 1.0, 0.0], [0.0, 0.0, 1.0]], [[1.0, 0.0, 0.0], [0.0, 1.0, 0.0], [0.0, 0.0, 1.0]], [[1.0, 0.0, 0.0], [0.0, 1.0, 0.0], [0.0, 0.0, 1.0]], [[1.0, 0.0, 0.0], [0.0, 1.0, 0.0], [0.0, 0.0, 1.0]], [[1.0, 0.0, 0.0], [0.0, 1.0, 0.0], [0.0, 0.0, 1.0]], [[1.0, 0.0, 0.0], [0.0, 1.0, 0.0], [0.0, 0.0, 1.0]], [[1.0, 0.0, 0.0], [0.0, 1.0, 0.0], [0.0, 0.0, 1.0]], [[1.0, 0.0, 0.0], [0.0, 1.0, 0.0], [0.0, 0.0, 1.0]], [[1.0, 0.0, 0.0], [0.0, 1.0, 0.0], [0.0, 0.0, 1.0]], [[1.0, 0.0, 0.0], [0.0, 1.0, 0.0], [0.0, 0.0, 1.0]], [[1.0, 0.0, 0.0], [0.0, 1.0, 0.0], [0.0, 0.0, 1.0]], [[1.0, 0.0, 0.0], [0.0, 1.0, 0.0], [0.0, 0.0, 1.0]], [[1.0, 0.0, 0.0], [0.0, 1.0, 0.0], [0.0, 0.0, 1.0]], [[1.0, 0.0, 0.0], [0.0, 1.0, 0.0], [0.0, 0.0, 1.0]], [[1.0, 0.0, 0.0], [0.0, 1.0, 0.0], [0.0, 0.0, 1.0]], [[1.0, 0.0, 0.0], [0.0, 1.0, 0.0], [0.0, 0.0, 1.0]], [[1.0, 0.0, 0.0], [0.0, 1.0, 0.0], [0.0, 0.0, 1.0]], [[1.0, 0.0, 0.0], [0.0, 1.0, 0.0], [0.0, 0.0, 1.0]], [[1.0, 0.0, 0.0], [0.0, 1.0, 0.0], [0.0, 0.0, 1.0]], [[1.0, 0.0, 0.0], [0.0, 1.0, 0.0], [0.0, 0.0, 1.0]], [[1.0, 0.0, 0.0], [0.0, 1.0, 0.0], [0.0, 0.0, 1.0]], [[1.0, 0.0, 0.0], [0.0, 1.0, 0.0], [0.0, 0.0, 1.0]], [[1.0, 0.0, 0.0], [0.0, 1.0, 0.0], [0.0, 0.0, 1.0]], [[1.0, 3.640309254131807e-26, -2.710366340150584e-22], [-3.640309254131807e-26, 1.0, -3.508110382195462e-48], [2.710366340150584e-22, -3.5081103876816014e-48, 1.0]], [[1.0, 1.4040933403047892e-25, -1.0454077004961191e-21], [-1.4040933403047892e-25, 1.0, 6.495110328171566e-47], [1.0454077004961191e-21, 6.495110329541314e-47, 1.0]], [[1.0, 4.894994719601343e-24, -3.644533461667931e-20], [-4.894994719601343e-24, 1.0, 8.919141880355807e-44], [3.644533461667931e-20, 8.919141890628639e-44, 1.0]], [[1.0, 4.238931586313286e-22, -3.1560662568459233e-18], [-4.238931586313286e-22, 1.0, 6.689174355149991e-40], [3.1560662568459233e-18, 6.689174420739842e-40, 1.0]], [[1.0, 4.1759118683370924e-20, -3.109144687147985e-16], [-4.1759118683370924e-20, 1.0, 6.491756778945215e-36], [3.109144687147985e-16, 6.491757420388431e-36, 1.0]], [[1.0, 3.0308760176499134e-18, -2.2566124213071715e-14], [-3.0308760176499134e-18, 1.0, 3.4197547972722406e-32], [2.2566124213071715e-14, 3.419757671579572e-32, 1.0]], [[1.0, 1.5630650825463414e-16, -1.1637514213174252e-12], [-1.5630650825463414e-16, 1.0, 9.095068611243069e-29], [1.1637514213174252e-12, 9.095123502893806e-29, 1.0]], [[1.0, 6.249068402094672e-15, -4.65225556635846e-11], [-6.249068402094672e-15, 1.0, 1.453585430263116e-25], [4.65225556635846e-11, 1.453640895595611e-25, 1.0]], [[1.0, 2.3023505598960356e-13, -1.7132067298525969e-09], [-2.3023505598960356e-13, 1.0, 1.9719729467559278e-22], [1.7132067298525969e-09, 1.9724295269746912e-22, 1.0]], [[0.9999999999999888, 2.027385891910201e-11, -1.5013237352266476e-07], [-2.027385891910201e-11, 1.0, 1.5202353360277285e-18], [1.5013237352266476e-07, 1.5235272239360584e-18, 0.9999999999999888]], [[0.9999999998860218, 2.140202848989841e-09, -1.5098229039564526e-05], [-2.140202848992435e-09, 1.0, 1.5984865011642233e-14], [1.5098229039564526e-05, 1.6328407802342142e-14, 0.9999999998860218]], [[0.9999999434849867, 5.775760059269054e-08, -0.0003361993761225925], [-5.775760074257855e-08, 0.9999999999999983, 9.263203466619676e-12], [0.0003361993761225927, 1.015486635946795e-11, 0.9999999434849883]], [[0.9999990140796841, 3.045470691841043e-07, -0.001404222050876298], [-3.045470941684334e-07, 0.9999999999999536, 1.9603368228505242e-10], [0.0014042220508762929, 2.3161825572461294e-10, 0.9999990140797305]], [[0.9999943805706452, 9.090293647854743e-07, -0.003352435876662122], [-9.090299460869928e-07, 0.9999999999995868, 1.350339819206596e-09], [0.003352435876661969, 1.697132372145368e-09, 0.9999943805710584]], [[0.9999865926074518, 1.61589915781306e-06, -0.005178281831760378], [-1.6159019916249326e-06, 0.9999999999986944, 3.636576558858362e-09], [0.005178281831759501, 4.731068122060951e-09, 0.9999865926087574]], [[0.9999720717018715, 2.66970994021516e-06, -0.007473674406994811], [-2.669720811393835e-06, 0.9999999999964362, 8.521855123596647e-09], [0.007473674406990934, 1.1431006978158948e-08, 0.9999720717054352]], [[0.9999676297611558, 2.9591056515058794e-06, -0.008046081102106131], [-2.959119912751986e-06, 0.9999999999956217, 1.0132405854814911e-08], [0.008046081102100892, 1.3677240941352097e-08, 0.999967629765534]], [[0.9999654600838813, 3.096692177473456e-06, -0.008311355463706814], [-3.096708247739336e-06, 0.9999999999952051, 1.0935612461186111e-08], [0.008311355463700832, 1.4802608267215015e-08, 0.999965460088676]], [[0.9999643525717687, 3.166069583654665e-06, -0.008443552315310899], [-3.166086615695332e-06, 0.9999999999949878, 1.134958193868194e-08], [0.008443552315304519, 1.5383840618068023e-08, 0.9999643525767807]], [[0.9999632173805473, 3.236614506623074e-06, -0.008576938583828542], [-3.2366325511793597e-06, 0.999999999994762, 1.1776608774525432e-08], [0.008576938583821738, 1.5984223008792405e-08, 0.9999632173857851]], [[0.9999502492781926, 4.007629157779206e-06, -0.009974916161120097], [-4.007660625119269e-06, 0.9999999999919691, 1.683388951680369e-08], [0.009974916161107458, 2.3143026718048086e-08, 0.9999502492862233]], [[0.9999273111545626, 5.256346586810409e-06, -0.012057046884687592], [-5.256409652436334e-06, 0.9999999999861846, 2.6458937522156156e-08], [0.0120570468846601, 3.6919763370916465e-08, 0.9999273111683776]], [[0.999913541291876, 5.956496303910244e-06, -0.013149521119112778], [-5.956582869198132e-06, 0.9999999999822589, 3.258164782171071e-08], [0.013149521119073568, 4.5747381380638036e-08, 0.9999135413096167]], [[0.9999079642264364, 6.23188065232651e-06, -0.013566983368067023], [-6.231977665160003e-06, 0.9999999999805804, 3.5125857958880945e-08], [0.013566983368022463, 4.942651220892261e-08, 0.9999079642458555]], [[0.9999037333871374, 6.437998923875019e-06, -0.013875298808266169], [-6.438104213616639e-06, 0.9999999999792746, 3.707917342516633e-08], [0.013875298808217317, 5.225501578285871e-08, 0.9999037334078624]], [[0.9999003574278852, 6.600845098619141e-06, -0.01411648582397221], [-6.600957208296299e-06, 0.9999999999782128, 3.865172539921299e-08], [0.014116485823919788, 5.453444481258764e-08, 0.999900357449672]], [[0.9998968965147251, 6.766365647618877e-06, -0.014359536706990497], [-6.766484945980487e-06, 0.9999999999771063, 4.027634569714797e-08], [0.014359536706934283, 5.689139589247625e-08, 0.9998968965376184]], [[0.9998935776503326, 6.923797416517262e-06, -0.01458880823375544], [-6.923923794829151e-06, 0.9999999999760285, 4.1845896628993825e-08], [0.014588808233695462, 5.917035317645139e-08, 0.9998935776743036]], [[0.9998903744655239, 7.074588950582408e-06, -0.014806721485417496], [-7.074722334067331e-06, 0.9999999999749729, 4.3371286194912866e-08], [0.014806721485353766, 6.138691159161822e-08, 0.9998903744905504]], [[0.9998857930062574, 7.288382375873092e-06, -0.015112937872217734], [-7.288526070579782e-06, 0.9999999999734374, 4.5570606910433104e-08], [0.015112937872148435, 6.458563925519994e-08, 0.9998857930328194]], [[0.999876920153822, 7.696532419277186e-06, -0.015688992462006338], [-7.696697052138573e-06, 0.9999999999703789, 4.988690011638124e-08], [0.015688992461925576, 7.087266198786316e-08, 0.9998769201834425]], [[0.9998597365026268, 8.467170326465558e-06, -0.01674835064138139], [-8.467379090756887e-06, 0.9999999999641498, 5.844752303838673e-08], [0.016748350641275854, 8.337530904000818e-08, 0.9998597365384765]], [[0.9997902511373765, 1.1382932030642172e-05, -0.020480566425088664], [-1.1383365794921094e-05, 0.9999999999352047, 9.540180536364892e-08], [0.020480566424847583, 1.3775598435939102e-07, 0.9997902512021709]], [[0.9994684715311091, 2.2870009749354227e-05, -0.03260021307030779], [-2.2872385664735804e-05, 0.9999999997383817, 3.0004106831088723e-07], [0.03260021306864091, 4.4576305805771356e-07, 0.9994684717927216]], [[0.9985053709523978, 5.050428676060419e-05, -0.05465365149757649], [-5.051985541883834e-05, 0.9999999987232705, 1.0967194011329041e-06], [0.0546536514831876, 1.6660143554892684e-06, 0.9985053722290458]], [[0.9983747453473956, 5.376403155270828e-05, -0.056990042599027124], [-5.378198424447219e-05, 0.9999999985530063, 1.2187506207517948e-06], [0.05699004258208784, 1.8482677286987962e-06, 0.9983747467942898]], [[0.9983298263773371, 5.4857837354530136e-05, -0.05777157388803309], [-5.487662459098385e-05, 0.9999999984934824, 1.261280697674333e-06], [0.057771573870190336, 1.9111348285434825e-06, 0.9983298278837487]], [[0.9982844198884114, 5.5949185390681975e-05, -0.05855095107027248], [-5.596882170816188e-05, 0.9999999984328943, 1.304549115798691e-06], [0.05855095105150542, 1.974716680196985e-06, 0.9982844214554043]], [[0.9982345419899757, 5.713257243212419e-05, -0.05939525155615857], [-5.7153148472023894e-05, 0.9999999983658441, 1.3523867245923794e-06], [0.05939525153636281, 2.0446264842889854e-06, 0.9982345436240114]], [[0.9981039842963568, 6.016653107011605e-05, -0.06155024699554975], [-6.0189615489518756e-05, 0.9999999981875111, 1.4790505534870855e-06], [0.06155024697297996, 2.2284394457214226e-06, 0.998103986108705]], [[0.9977483827584749, 6.816713018548621e-05, -0.0670683237421177], [-6.819769543444936e-05, 0.9999999976728555, 1.8337971118800915e-06], [0.06706832371104472, 2.744237009370253e-06, 0.9977483850854116]], [[0.9971089057303811, 8.298500442561866e-05, -0.07598567773300285], [-8.303454910751997e-05, 0.9999999965494885, 2.5072585467871383e-06], [0.07598567767887827, 3.809426659952827e-06, 0.9971089091804679]], [[0.9962973605035714, 0.00010718050799664344, -0.08597417030677376], [-0.00010728110951742084, 0.9999999942394299, 3.4501191806244347e-06], [0.08597417018129906, 5.786059744130152e-06, 0.9962973662627745]], [[0.9958952844550643, 0.00012503701118718493, -0.09051279887338923], [-0.00012519092268697566, 0.9999999921557083, 3.976903256451288e-06], [0.09051279866064055, 7.37080160297242e-06, 0.99589529229647]], [[0.9957830804427347, 0.00013151079382337711, -0.09173897428504099], [-0.0001316867695050859, 0.9999999913207482, 4.134945832106986e-06], [0.09173897403260536, 7.963300060018012e-06, 0.9957830891183143]], [[0.9957426773010918, 0.00013409112136678988, -0.09217647538719949], [-0.00013427624768747997, 0.9999999909761522, 4.193366947285274e-06], [0.09217647511770631, 8.201596805926559e-06, 0.9957426863209141]], [[0.9957123337347814, 0.00013613421595390517, -0.09250367511560037], [-0.00013632672382491104, 0.9999999906985323, 4.2378246674468574e-06], [0.0925036748320934, 8.391068677564517e-06, 0.995712343031927]], [[0.9956933055276178, 0.00013746662912182678, -0.09270826513528181], [-0.00013766401373094112, 0.99999999051521, 4.265972749411118e-06], [0.09270826484239232, 8.51499137327722e-06, 0.995693315007884]], [[0.9956769389280394, 0.0001386469654592904, -0.09288387404652186], [-0.00013884871064374322, 0.9999999903513138, 4.290356495493606e-06], [0.09288387374515945, 8.624997125486997e-06, 0.9956769485720177]], [[0.9956614790850037, 0.00013979307007395365, -0.09304944662996312], [-0.0001399990850366581, 0.9999999901908244, 4.313541216655676e-06], [0.09304944632022796, 8.732010560368091e-06, 0.9956614888892875]], [[0.9956474151595109, 0.0001408637088446058, -0.09319981136022788], [-0.0001410737436167921, 0.999999990039704, 4.3347647961564455e-06], [0.09319981104254126, 8.832148925224665e-06, 0.9956474251147389]], [[0.9956334284742598, 0.00014195665329093957, -0.09334910790619083], [-0.00014217082213709652, 0.9999999898842409, 4.356000709144795e-06], [0.09334910758025707, 8.934539493182334e-06, 0.9956334385847663]], [[0.9956187140822983, 0.00014313881141408063, -0.09350591251024555], [-0.00014335748587167275, 0.9999999897147296, 4.378484652930279e-06], [0.09350591217524308, 9.0454712687034e-06, 0.995618724362111]], [[0.9956042950539974, 0.00014433166170702783, -0.09365931257694848], [-0.00014455491776055364, 0.9999999895422544, 4.400664401250365e-06], [0.09365931223263847, 9.157593844972963e-06, 0.9956043055060728]], [[0.9955893515669038, 0.00014560653919472508, -0.0938180251300892], [-0.00014583473025163668, 0.9999999893563302, 4.4238099857215865e-06], [0.09381802477565683, 9.277628269327164e-06, 0.9955893622046701]], [[0.9955760972870143, 0.0001467727058603195, -0.09395857045800712], [-0.00014700544511685366, 0.9999999891848224, 4.444479520721698e-06], [0.09395857009415683, 9.387603893890239e-06, 0.9955761080960693]], [[0.9955642180273159, 0.00014784827455146225, -0.0940843553335457], [-0.00014808523691402212, 0.9999999890254211, 4.463120742271614e-06], [0.09408435496087426, 9.489180734610507e-06, 0.995564228995565]], [[0.9955510342535168, 0.00014907808730357398, -0.09422375478858391], [-0.0001493199109739495, 0.9999999888417287, 4.483941814066423e-06], [0.09422375440566721, 9.605489763017436e-06, 0.9955510454052153]], [[0.9955383790413668, 0.00015029710691618213, -0.09435736993181727], [-0.00015054378285765644, 0.9999999886581409, 4.504064171979147e-06], [0.09435736953857715, 9.720946662046662e-06, 0.9955383903764061]], [[0.9955260261797471, 0.00015152637202847714, -0.0944876088834002], [-0.00015177797422414292, 0.9999999884714902, 4.523839096783864e-06], [0.09448760847957985, 9.837538303390579e-06, 0.9955260377011816]], [[0.995514029073558, 0.0001527605843851082, -0.09461392379516441], [-0.00015301716550281488, 0.9999999882825528, 4.543175352728747e-06], [0.09461392338054891, 9.954759632936257e-06, 0.9955140407836669]], [[0.9955023373440304, 0.0001540049303281781, -0.09473685987531967], [-0.00015426656385674012, 0.9999999880905065, 4.562148247167357e-06], [0.09473685944964502, 1.0073100597062288e-05, 0.9955023492459135]], [[0.9954908893785669, 0.00015526660025492404, -0.09485707696600629], [-0.00015553338924469674, 0.9999999878941898, 4.580853643209282e-06], [0.09485707652893813, 1.0193244603861658e-05, 0.995490901476484]], [[0.9954797555374195, 0.00015653848242875478, -0.09497384800483231], [-0.0001568105012157082, 0.9999999876946566, 4.5991722387113444e-06], [0.09497384755609398, 1.0314513849041274e-05, 0.9954797678345776]], [[0.9954665029393183, 0.00015811594377246883, -0.09511265172990754], [-0.00015839449324279577, 0.9999999874449141, 4.621146657357842e-06], [0.09511265126643705, 1.0465123566054362e-05, 0.9954665154858461]], [[0.9954439953057399, 0.00016097703976396434, -0.09534792231674866], [-0.00016126755536511272, 0.9999999869855344, 4.658916847280682e-06], [0.09534792182582509, 1.0738835537799054e-05, 0.9954440083109425]], [[0.9954067997964225, 0.00016635199004505318, -0.09573544401130736], [-0.00016666538367785794, 0.9999999861001723, 4.722718240285509e-06], [0.0957354434662348, 1.1254758654703762e-05, 0.9954068136855583]], [[0.9953023756368609, 0.00019602354702579898, -0.09681499171290633], [-0.00019647058469456985, 0.9999999806875723, 4.915597685258326e-06], [0.09681499080674674, 1.4128791972132229e-05, 0.9953023949280172]], [[0.9954644013951028, 0.00025996122704627237, -0.09513442053650734], [-0.00026071492623118826, 0.999999966003705, 4.507203904371367e-06], [0.0951344184739878, 2.0316202395544514e-05, 0.995464435328774]], [[0.9959677040711358, 0.0003328629707721295, -0.08971188129248636], [-0.0003339517821720546, 0.9999999442339738, 2.8732253042241137e-06], [0.08971187724600158, 2.7097803028633913e-05, 0.9959677596901575]], [[0.9963845695210478, 0.00038384102848490904, -0.08495670828087373], [-0.00038513528607821563, 0.9999999258347351, 1.155221178906738e-06], [0.08495670242345826, 3.156878158947254e-05, 0.9963846434546472]], [[0.9964859970873069, 0.000396208573485663, -0.08375858536999378], [-0.0003975481815056996, 0.9999999209774836, 6.846597978231144e-07], [0.0837585790224477, 3.26158193965371e-05, 0.9964860758544742]], [[0.9965284411296594, 0.0004014163779856945, -0.08325205631143795], [-0.000402774535414633, 0.9999999188862171, 4.812556156893718e-07], [0.08325204975173263, 3.3052223393171753e-05, 0.9965285219777635]], [[0.9965660044100397, 0.0004060457599961444, -0.08280117134769312], [-0.0004074201329442977, 0.9999999170043692, 2.979702941865557e-07], [0.08280116459654725, 3.343791717141917e-05, 0.9965660871306335]], [[0.996602835124478, 0.0004106058691584298, -0.0823566659121972], [-0.00041199596268075235, 0.9999999151296525, 1.1522856512706952e-07], [0.08235665896987188, 3.381577673949019e-05, 0.9966029197104099]], [[0.9966523814028674, 0.00041677672635285915, -0.08175485879539136], [-0.00041818769421935804, 0.9999999125595126, -1.3542203897082595e-07], [0.08175485159026591, 3.432384458702103e-05, 0.996652468545996]], [[0.9966835974278622, 0.0004206878293674987, -0.08137339636211564], [-0.0004221117896865004, 0.99999991091077, -2.962291864500411e-07], [0.08137338898800241, 3.464391674100938e-05, 0.9966836862113809]], [[0.9967134704063069, 0.0004244480878308811, -0.0810066525042068], [-0.0004258843655948799, 0.9999999093111466, -4.522429561874129e-07], [0.0810066449658527, 3.495022345556223e-05, 0.9967135607813101]], [[0.9967970016729847, 0.0004350515069897038, -0.07997217129373516], [-0.00043652159981535487, 0.9999999047240365, -8.997670424449749e-07], [0.07997216328286448, 3.580646524248049e-05, 0.9967970966115702]], [[0.9972025544118176, 0.0004887221138612558, -0.0747450775692138], [-0.0004903426020227548, 0.9999998797765168, -3.329184733485847e-06], [0.07474506695605401, 3.99705673430363e-05, 0.9972026741659265]], [[0.9975454796269582, 0.0005415792199917238, -0.07001944560911952], [-0.0005433169837547498, 0.9999998523866492, -5.773554773777932e-06], [0.07001943214647723, 4.38021374566971e-05, 0.997545626625116]], [[0.9975945942233313, 0.0005514437038831583, -0.0693160982879625], [-0.0005532012819518223, 0.9999998469651856, -6.160025056502876e-06], [0.06931608428327922, 4.449096212765932e-05, 0.997594746615992]], [[0.9976124793132904, 0.0005555447200839105, -0.06905818187652847], [-0.0005573105373554078, 0.9999998446826024, -6.303570574553595e-06], [0.06905816764867602, 4.477537311801584e-05, 0.9976126339776431]], [[0.9976279317803749, 0.0005594863088360092, -0.06883456037718248], [-0.0005612601004196888, 0.9999998424728713, -6.428928596375055e-06], [0.0688345459369743, 4.504777100702259e-05, 0.9976280886442535]], [[0.997665679386816, 0.0005800620803755885, -0.06828510596930912], [-0.0005818806214129318, 0.9999998306847325, -6.741489496622562e-06], [0.06828509049711572, 4.6459532591520856e-05, 0.9976658479936686]], [[0.9975905910959689, 0.0005956743048233554, -0.06937332141781644], [-0.0005975367665742765, 0.9999998214563129, -6.095393636799249e-06], [0.06937330540077848, 4.7533817505819625e-05, 0.9975907689197648]], [[0.9972647682891966, 0.0006102073148837863, -0.07390946876155509], [-0.0006121282430971275, 0.9999998126439169, -3.338272678384841e-06], [0.07390945287712812, 4.857121499070347e-05, 0.9972649549707076]], [[0.9967820600320477, 0.0006207887943343912, -0.08015696735483455], [-0.0006227500354367372, 0.9999998060910361, 5.315913091685425e-07], [0.08015695214168599, 4.93878735783992e-05, 0.996782253343315]], [[0.9966501662686671, 0.0006234856938155472, -0.08178054376324326], [-0.0006254541266802378, 0.9999998044023497, 1.5481984477508422e-06], [0.08178052873244064, 4.960696633643098e-05, 0.9966503612879366]], [[0.9965163964668144, 0.0006262262018398388, -0.08339472051348719], [-0.0006282007005017709, 0.9999998026786344, 2.5634709934632315e-06], [0.08339470566323975, 4.983408096579508e-05, 0.996516593228577]], [[0.9964825865357324, 0.0006269163146643584, -0.08379774282744606], [-0.0006288921492535531, 0.9999998022433427, 2.81767904820232e-06], [0.08379772802233351, 4.989197448129553e-05, 0.9964827837374156]], [[0.9964486973027491, 0.0006276053449598166, -0.08419976099235157], [-0.0006295824353450719, 0.9999998018082413, 3.071541097422265e-06], [0.08419974623236846, 4.995005745372684e-05, 0.9964488949441309]], [[0.9964143362277796, 0.0006283014676919601, -0.0846054123150697], [-0.0006302797483042318, 0.9999998013681616, 3.327988554914128e-06], [0.0846053976007212, 5.0009022470127343e-05, 0.9964145343138591]], [[0.9963396745901799, 0.0006298125438890732, -0.08548015073499735], [-0.0006317931539589356, 0.9999998004111501, 3.881986120265878e-06], [0.08548013611903592, 5.013799724384875e-05, 0.9963398736431436]], [[0.9961176652283561, 0.0006344686757244661, -0.08802950906083777], [-0.0006364549111978101, 0.9999997974474019, 5.504597808148316e-06], [0.08802949472272686, 5.0543586253361144e-05, 0.9961178672728396]], [[0.9956650558221494, 0.0006477310923650617, -0.09300901598931513], [-0.0006497368364542249, 0.9999997888830123, 8.716274101410085e-06], [0.09300900199933358, 5.175289427030098e-05, 0.9956652664750929]], [[0.9953212214244403, 0.0006720515810846065, -0.09661891390880988], [-0.00067413229649534, 0.9999997727111029, 1.1108048505509411e-05], [0.09661889941358505, 5.407785391081241e-05, 0.9953214482506534]], [[0.995232725224379, 0.0006893702675082944, -0.09752613704630733], [-0.0006915228700850876, 0.999999760829243, 1.172928727420837e-05], [0.09752612180672922, 5.5768183658455684e-05, 0.9952329639091207]], [[0.9952207086839153, 0.0006939121034487978, -0.09764865328699203], [-0.0006960850406285596, 0.999999757662985, 1.1814682615381045e-05], [0.09764863782146015, 5.621354998397831e-05, 0.9952209505269343]], [[0.9952138436025731, 0.0006974196559090801, -0.09771857092539708], [-0.0006996086173433459, 0.9999997552034872, 1.1863702930334596e-05], [0.0977185552782113, 5.655783289996211e-05, 0.9952140878984959]], [[0.9952088389328956, 0.0007009493173439893, -0.09776950227948157], [-0.0007031546540593302, 0.9999997527159351, 1.1899591625349352e-05], [0.09776948644365226, 5.690450178637838e-05, 0.9952090857093833]], [[0.9952044794752058, 0.0007145152049988951, -0.09781376946315708], [-0.0007167853720486357, 0.9999997430381583, 1.1930920501218251e-05], [0.09781375285357485, 5.823777360779555e-05, 0.9952047358996771]], [[0.9952663777590471, 0.0007492167993658345, -0.09718166479686591], [-0.0007516607580521045, 0.999999717437322, 1.1462117817888081e-05], [0.09718164592456568, 6.163978334686221e-05, 0.9952666596907815]], [[0.9954835789965808, 0.0008064823032871685, -0.09493046681978465], [-0.0008092167059187608, 0.9999996725371368, 9.692321439238672e-06], [0.0949304435502679, 6.717077281508802e-05, 0.9954839056316307]], [[0.9957960074713821, 0.000873294020147966, -0.09159448049748405], [-0.0008763489072635452, 0.9999996159826472, 6.866590383138668e-06], [0.09159445132016643, 7.343099960488871e-05, 0.9957963903786956]], [[0.995864005046384, 0.0008876247035545323, -0.09085205320385399], [-0.0008907444681002535, 0.9999996032677984, 6.207872095636275e-06], [0.09085202267017953, 7.474376743692903e-05, 0.995864400601859]], [[0.9958967595529669, 0.0008945622364833815, -0.09049223207712236], [-0.0008977128810521126, 0.9999995970383947, 5.884778660608808e-06], [0.09049220087652801, 7.537541037002769e-05, 0.9958971613048524]], [[0.9959292630640915, 0.0009014738492479267, -0.09013373571260352], [-0.0009046549145463466, 0.9999995907841998, 5.56038170427432e-06], [0.09013370384099342, 7.600218012376181e-05, 0.995929671036849]], [[0.9959625122741989, 0.0009085724306939279, -0.08976552031041317], [-0.0009117843823277061, 0.9999995843108851, 5.224599924224378e-06], [0.08976548774279092, 7.664329382242596e-05, 0.995962926685576]], [[0.9961747760310067, 0.0009548052008304464, -0.08737793739041617], [-0.000958209431499859, 0.9999995409127862, 2.983552597704482e-06], [0.08737790012503387, 8.075422386980622e-05, 0.9961752336032527]], [[0.9964093577042293, 0.0010124586890858794, -0.08466030240284463], [-0.0010160816801024482, 0.999999483788833, 2.937881432152344e-07], [0.08466025899769945, 8.57290490468257e-05, 0.9964098720873175]], [[0.9964967890238178, 0.0010557354763495671, -0.08362436776100345], [-0.0010595116912527978, 0.999999438717027, -7.786544823180593e-07], [0.08362432000201651, 8.937692200291956e-05, 0.9964973482712173]], [[0.9964193944452632, 0.0010780634806319834, -0.08454128073415797], [-0.0010819189825425222, 0.9999994147254638, 2.1045623563560706e-07], [0.08454123148118425, 9.125711375580901e-05, 0.996419977643708]], [[0.9962279559699629, 0.0010909481290593732, -0.08676790634674436], [-0.0010948477726107132, 0.999999400650499, 2.6451783636877527e-06], [0.08676785722819536, 9.236244835934624e-05, 0.9962285533033635]], [[0.9959073613118028, 0.0011012449172161554, -0.09037319812958117], [-0.0011051683136628727, 0.9999993892793478, 6.627911863641315e-06], [0.0903731502357569, 9.327680875695185e-05, 0.9959079701515974]], [[0.995758529164576, 0.0011052886333202106, -0.09199853220900436], [-0.0011092166560678245, 0.9999993847834409, 8.434997092212118e-06], [0.09199848493309032, 9.364708395686236e-05, 0.9957591425620015]], [[0.9956532804085797, 0.001108137851250304, -0.09313064607158343], [-0.0011120678516324796, 0.9999993816053316, 9.697790161662321e-06], [0.09313059922657677, 9.391196090569067e-05, 0.9956538970263789]], [[0.9956364870225194, 0.0011085913754568084, -0.09331000337687564], [-0.001112521594322291, 0.9999993810986725, 9.898160981947954e-06], [0.09330995660020655, 9.395442348990356e-05, 0.9956371041536201]], [[0.9956213343147783, 0.001108999946110254, -0.09347153990361813], [-0.0011129303378815392, 0.9999993806420494, 1.007869600231273e-05], [0.09347149318855003, 9.399274772015972e-05, 0.9956219519084736]], [[0.995602524760796, 0.0011095065453335712, -0.09367166957371922], [-0.0011134371211558112, 0.9999993800756258, 1.0302458971238022e-05], [0.09367162293501372, 9.404035993590545e-05, 0.9956031429282975]], [[0.9955479860325563, 0.001110976799477707, -0.09424952643194388], [-0.0011149077413819123, 0.9999993784302287, 1.0949151858353855e-05], [0.09424948001354096, 9.417912055409991e-05, 0.9955486058666564]], [[0.9954023547212906, 0.0011150374098844965, -0.09577530424101087], [-0.0011189687172455133, 0.9999993738741575, 1.2661047948996291e-05], [0.0957752583911599, 9.456673238359114e-05, 0.9954029791661327]], [[0.9949913388585924, 0.001133560368713087, -0.09995474292578856], [-0.0011375186258034532, 0.9999993528742301, 1.7392418171453765e-05], [0.09995469795785453, 9.639507637140443e-05, 0.994991984420089]], [[0.9948089827489088, 0.0011599066843694865, -0.10175334124509332], [-0.0011639671912612869, 0.9999993224004675, 1.946747788248808e-05], [0.10175329487753458, 9.907112893878379e-05, 0.9948096587601326]], [[0.9947779716945998, 0.0012017039545068554, -0.1020555874747769], [-0.0012059778122448395, 0.9999992726120427, 1.9821731205017615e-05], [0.10205553706062437, 0.00010335855254464161, 0.9947786973333889]], [[0.9949031121759412, 0.0012638486384848378, -0.10082757591778652], [-0.0012684688386847155, 0.9999991953258364, 1.8288907283774753e-05], [0.10082751789885176, 0.0001097009473563466, 0.994903914755726]], [[0.9950981238856637, 0.001329194934117261, -0.09888355311269482], [-0.0013341768204934146, 0.9999991098617601, 1.5744781519130427e-05], [0.09888348602054674, 0.00011626054193897834, 0.995099011491842]], [[0.9951666528720952, 0.0013511193516145014, -0.09819117823908738], [-0.0013562190896767657, 0.9999990802248161, 1.4808833888008625e-05], [0.0981911079337804, 0.00011843149271111158, 0.9951675699563609]], [[0.9952106998884667, 0.0013652388519974422, -0.09774353659714329], [-0.0013704133620195732, 0.9999990608824095, 1.4195605848659957e-05], [0.09774346418486134, 0.00011982142977046961, 0.9952116362101571]], [[0.9952316792881144, 0.0013719849047162432, -0.09752959650748445], [-0.0013771948210971616, 0.9999990515701532, 1.3900282786775456e-05], [0.09752952307848232, 0.00012048325343202484, 0.9952326248711905]], [[0.9952525350050239, 0.0013787061939596597, -0.09731644635638985], [-0.0013839511813076224, 0.9999990422465621, 1.36046066532896e-05], [0.09731637190798423, 0.00012114119163483896, 0.9952534898605525]], [[0.9953475527683302, 0.001409589142340828, -0.09633930793127778], [-0.0014149926133937005, 0.9999989988226555, 1.223068947385027e-05], [0.09633922871879236, 0.00012414562226445078, 0.9953485508071346]], [[0.9954431351519849, 0.0014417006222735645, -0.09534613874842887], [-0.00144726408633394, 0.9999989526544322, 1.0802879163008948e-05], [0.09534605446259063, 0.00012723739047723268, 0.9954441791005629]], [[0.9954737303204482, 0.0014524984530173062, -0.09502600952511556], [-0.0014581145665240865, 0.9999989368969764, 1.0335718486355958e-05], [0.0950259235152926, 0.000128269872448789, 0.9954747899384675]], [[0.995489190811722, 0.0014581229464354817, -0.09486382266505893], [-0.0014637662481412294, 0.9999989286426293, 1.0097699333639282e-05], [0.09486373575569038, 0.00012880631124678177, 0.9954902586381944]], [[0.9954947447200165, 0.001460178319483123, -0.09480549092872365], [-0.00146583151578104, 0.9999989256182873, 1.0011868234115804e-05], [0.09480540369055084, 0.000129002114259244, 0.9954958155540669]], [[0.9955001638242248, 0.001462204045665238, -0.09474853973229495], [-0.0014678669723092147, 0.9999989226334128, 9.927951670015065e-06], [0.09474845217007513, 0.00012919497463234378, 0.995501237626636]], [[0.9955064838518762, 0.0014645941891202174, -0.09468207628092605], [-0.0014702685689582935, 0.9999989191062697, 9.829871484577257e-06], [0.09468198833643605, 0.00012942237999995028, 0.9955075611619617]], [[0.995522068511709, 0.0014706362029973223, -0.09451797887946178], [-0.0014763394012013457, 0.9999989101644364, 9.58701974903798e-06], [0.0945178899694253, 0.00012999652660896377, 0.9955231547145255]], [[0.9955448070556732, 0.0014799509176362227, -0.09427802970944894], [-0.0014856981634009528, 0.999998896307277, 9.230069779906411e-06], [0.09427793931552383, 0.00013087974754896734, 0.9955459070404742]], [[0.9955648816555785, 0.0014889245497380693, -0.09406566596761529], [-0.0014947137862811317, 0.9999988828750104, 8.912206811996343e-06], [0.09406557415411265, 0.0001317285676161643, 0.9955659950012214]], [[0.995601234252313, 0.0015095269696590624, -0.09367979333736229], [-0.0015154108998033382, 0.9999988517295552, 8.329160815482075e-06], [0.09367969834071717, 0.00013367085712531973, 0.9956023785864639]], [[0.9956057584528706, 0.0015417175171591518, -0.09363117450237948], [-0.0015477437167228827, 0.9999988022098867, 8.257009742312912e-06], [0.0936310750818609, 0.0001366963355769181, 0.9956069521097363]], [[0.9955197716981956, 0.0015632861144691667, -0.09454068061230506], [-0.0015694000062152144, 0.9999987684441695, 9.68316805025562e-06], [0.09454057931774076, 0.0001387323594926626, 0.9955209990812539]], [[0.9954595421213582, 0.0015700494222470193, -0.09517265857634012], [-0.0015761874718222073, 0.9999987577587045, 1.068177434411372e-05], [0.09517255711984705, 0.00013937667790923344, 0.9954607802126363]], [[0.99545470807902, 0.0015704981942132002, -0.09522319935223836], [-0.0015766377468821194, 0.9999987570480262, 1.0761811101093587e-05], [0.09522309789577965, 0.00013941959494840844, 0.9954559468833599]], [[0.9954522470883118, 0.0015707226830253644, -0.09524891911840631], [-0.0015768629821366568, 0.9999987566924468, 1.080254997751427e-05], [0.095248817662516, 0.00013944107199577227, 0.995453486249468]], [[0.9954497716813929, 0.0015709458718213213, -0.09527478252229979], [-0.0015770869093769168, 0.9999987563388752, 1.0843522305672158e-05], [0.09527468106734317, 0.00013946243050507755, 0.9954510111973798]], [[0.995447016059943, 0.0015711913279036862, -0.09530356536514141], [-0.0015773331732858783, 0.9999987559499693, 1.0889126473952542e-05], [0.09530346391163905, 0.0001394859267256907, 0.9954482559662549]], [[0.9954451748052736, 0.0015713536230003136, -0.09532279266172852], [-0.0015774960000163945, 0.9999987556927915, 1.0919594643313748e-05], [0.09532269120943505, 0.00013950146633458221, 0.9954464149697214]], [[0.9954433570571486, 0.0015715125308985664, -0.09534177067424664], [-0.0015776554265037866, 0.999998755440955, 1.0949670916455233e-05], [0.09534166922332861, 0.0001395166846997872, 0.9954445974743865]], [[0.995440248499585, 0.0015717813276438762, -0.09537421646694555], [-0.00157792509601534, 0.9999987550149081, 1.1001097996721068e-05], [0.09537411501878829, 0.0001395424339511983, 0.9954414893445176]], [[0.9954371190757428, 0.0015720482717726696, -0.0954068688646573], [-0.0015781929012980626, 0.9999987545917243, 1.105286152619414e-05], [0.09540676741978509, 0.00013956801454092935, 0.9954383603455392]], [[0.9954298671196523, 0.00157265343448953, -0.09548249265424373], [-0.0015787999951547473, 0.9999987536320949, 1.1172781136168995e-05], [0.09548239121884199, 0.00013962603889697967, 0.9954311093530483]], [[0.9954232486321154, 0.0015731902987003589, -0.09555145813178956], [-0.0015793385474175148, 0.9999987527804542, 1.1282182824537722e-05], [0.09555135670716389, 0.00013967755400945357, 0.995424491720864]], [[0.9954109786871125, 0.0015741499556278448, -0.09567918037495637], [-0.0015803011607196935, 0.9999987512573892, 1.148489040596949e-05], [0.09567907897522657, 0.00013976973380296296, 0.9954122233060095]], [[0.9953956744882866, 0.0015752890075955367, -0.0958382474312464], [-0.0015814436157218538, 0.9999987494483781, 1.173751714164058e-05], [0.09583814607055233, 0.00013987931074892614, 0.9953969209253548]], [[0.9953698387753513, 0.0015770888485416345, -0.09610617484447202], [-0.0015832485862475115, 0.9999987465871965, 1.216344068485241e-05], [0.0961060735665886, 0.00014005284345756352, 0.9953710880897404]], [[0.9953348564634901, 0.0015793305891714856, -0.09646776259370332], [-0.0015854962677450187, 0.9999987430188608, 1.2739011081655214e-05], [0.09646766145465505, 0.00014026969578241621, 0.9953361093691024]], [[0.9953009225526565, 0.0015813432854254743, -0.0968172139414573], [-0.0015875138586943262, 0.9999987398106875, 1.3296029196984927e-05], [0.0968171129590255, 0.00014046511876502496, 0.9953021786894516]], [[0.9952535034202769, 0.0015839661077499008, -0.0973034170888967], [-0.0015901424379880205, 0.9999987356237003, 1.4072195100352132e-05], [0.09730331635064232, 0.00014072089139869967, 0.9952547637770627]], [[0.9950912236518772, 0.0015921111163276303, -0.0989490868545233], [-0.00159830148869049, 0.999998722575771, 1.6708576365365855e-05], [0.09894898705647247, 0.00014152391512209188, 0.9950924971718048]], [[0.9950629670312865, 0.001593475395404127, -0.09923281954675112], [-0.001599667686228564, 0.9999987203835176, 1.716450510190671e-05], [0.09923271991801616, 0.00014165977146679714, 0.995064242763411]], [[0.9950361908050988, 0.0015947641042221704, -0.09950093322010603], [-0.00160095812175275, 0.99999871831092, 1.759570548469594e-05], [0.09950083375184594, 0.0001417884633995233, 0.9950374686286231]], [[0.9950067595068592, 0.001596177934799782, -0.0997947931898288], [-0.001602373758128243, 0.9999987160351055, 1.8068725882358894e-05], [0.09979469389771922, 0.0001419300534154306, 0.9950080396267456]], [[0.9949621173420916, 0.0015983188177737474, -0.10023886684933976], [-0.0016045172062217762, 0.9999987125850122, 1.8784362916109777e-05], [0.10023876782372092, 0.00014214525709084296, 0.9949634009429928]], [[0.9949344973401837, 0.0015996404885188116, -0.10051262183867467], [-0.0016058403566487627, 0.9999987104527227, 1.922601971561563e-05], [0.10051252297761638, 0.00014227859423835028, 0.9949357830923634]], [[0.9949079911210679, 0.0016009062098098277, -0.10077463122675978], [-0.0016071074185870554, 0.9999987084089949, 1.96490795424019e-05], [0.10077453252348598, 0.00014240663119383112, 0.9949092789351012]], [[0.9948708226678299, 0.0016026805710860018, -0.1011408800404831], [-0.0016088835498282593, 0.9999987055411736, 2.0241030926972055e-05], [0.10114078155768522, 0.0001425866870211657, 0.9948721133749181]], [[0.994823229758171, 0.0016049646200095543, -0.10160790135728091], [-0.0016111697471569877, 0.9999987018447463, 2.099684104967168e-05], [0.10160780315363693, 0.00014281943151005103, 0.9948245241936089]], [[0.9948066062817498, 0.0016057695199357853, -0.10177051438691631], [-0.0016119753875797975, 0.9999987005408307, 2.1260269560216724e-05], [0.10177041627938105, 0.00014290170776205273, 0.994807902032127]], [[0.9947899867773842, 0.0016065798481229828, -0.10193282643380586], [-0.001612786461542105, 0.9999986992274411, 2.1523346754879768e-05], [0.10193272842135753, 0.00014298467262431416, 0.9947912838520951]], [[0.9947719130954217, 0.001607469050464618, -0.1021090444371484], [-0.0016136764898648187, 0.9999986977854259, 2.1809118482950706e-05], [0.10210894652674556, 0.00014307586589342206, 0.9947732116239527]], [[0.9947464748786488, 0.0016087382786983517, -0.10235654680475238], [-0.0016149469271019988, 0.9999986957257012, 2.221076888341343e-05], [0.10235644903505317, 0.00014320630667883077, 0.9947477754833267]], [[0.9947157033920934, 0.00161030908426923, -0.10265513297427946], [-0.001616519311265148, 0.9999986931742552, 2.2695758600472782e-05], [0.10265503536909508, 0.00014336817737197263, 0.9947170065677344]], [[0.9947003873366117, 0.0016111088212692989, -0.10280342288514367], [-0.0016173199004953696, 0.9999986918742653, 2.2936806902831504e-05], [0.10280332535903249, 0.00014345077095951744, 0.9947016918217944]], [[0.9946909470017985, 0.0016116086417655503, -0.10289471641630675], [-0.0016178202737296274, 0.9999986910614592, 2.308526802945415e-05], [0.10289461893786421, 0.00014350245115879898, 0.9946922523056149]], [[0.9946815245949998, 0.00161211323743189, -0.10298575491987982], [-0.0016183254447104058, 0.9999986902406249, 2.3233361848211282e-05], [0.10298565748813197, 0.00014355467184375083, 0.9946828307254187]], [[0.9946592402102593, 0.001613331873793579, -0.10320074137696772], [-0.001619545549771134, 0.9999986882571601, 2.358327524136283e-05], [0.10320064405178374, 0.0001436809787957526, 0.9946605483375783]], [[0.9945866785885604, 0.0016176170310307544, -0.10389765197278383], [-0.0016238369485662345, 0.999998681270385, 2.4719524761486375e-05], [0.10389755494659747, 0.00014412713611271577, 0.9945879937439552]], [[0.994555938320411, 0.0016196262653463756, -0.10419146970126039], [-0.0016258497740567997, 0.9999986779878738, 2.5199534822284384e-05], [0.10419137277270243, 0.00014433733047087443, 0.9945572567743968]], [[0.9945274376301776, 0.0016216254293797844, -0.10446313286447663], [-0.0016278529636892232, 0.9999986747176808, 2.564391256009758e-05], [0.10446303600615432, 0.0001445470457793434, 0.9945287593683086]], [[0.9944608454084674, 0.0016269740502686306, -0.1050950993198899], [-0.0016332145704739097, 0.9999986659482821, 2.6680000547183283e-05], [0.10509500252526063, 0.0001451106315938493, 0.9944621759439918]], [[0.9943024589922841, 0.0016474396583226784, -0.10658285969422401], [-0.0016537542462669857, 0.9999986321230321, 2.9136872454684185e-05], [0.10658276190322423, 0.00014729099286825458, 0.9943038233691807]], [[0.9942522760871034, 0.0016600006936434292, -0.10704978229515746], [-0.0016663737209268795, 0.9999986111508568, 2.99162056562671e-05], [0.10704968328008116, 0.0001486406884806561, 0.9942536614022132]], [[0.9942436339736974, 0.0016630052860623302, -0.10712997112071015], [-0.00166939327371069, 0.9999986061105542, 3.0050722414633924e-05], [0.10712987176788429, 0.00014896431374337047, 0.9942450243178271]], [[0.994235801474015, 0.001666115959964431, -0.10720258915278214], [-0.00167251976637709, 0.9999986008826387, 3.017276435340096e-05], [0.10720248943510269, 0.00014929960681393838, 0.994237197033319]], [[0.9942273953912093, 0.0016700347452608495, -0.10728046063328968], [-0.0016764589145733654, 0.9999985942826021, 3.0303911085670142e-05], [0.10728036043586411, 0.00014972230599804277, 0.9942287975330975]], [[0.9942147485697722, 0.0016779402147373804, -0.10739747780609003], [-0.001684406748756434, 0.9999985809207695, 3.0501660402202713e-05], [0.10739737658052247, 0.00015057583578696412, 0.9942161640340926]], [[0.9942033194184604, 0.0016930000921559127, -0.