{"b2imat": [[[1.0, 0.0, 0.0], [0.0, 1.0, 0.0], [0.0, 0.0, 1.0]], [[1.0, 0.0, 0.0], [0.0, 1.0, 0.0], [0.0, 0.0, 1.0]], [[1.0, 0.0, 0.0], [0.0, 1.0, 0.0], [0.0, 0.0, 1.0]], [[1.0, 0.0, 0.0], [0.0, 1.0, 0.0], [0.0, 0.0, 1.0]], [[1.0, 0.0, 0.0], [0.0, 1.0, 0.0], [0.0, 0.0, 1.0]], [[1.0, 0.0, 0.0], [0.0, 1.0, 0.0], [0.0, 0.0, 1.0]], [[1.0, 0.0, 0.0], [0.0, 1.0, 0.0], [0.0, 0.0, 1.0]], [[1.0, 0.0, 0.0], [0.0, 1.0, 0.0], [0.0, 0.0, 1.0]], [[1.0, 0.0, 0.0], [0.0, 1.0, 0.0], [0.0, 0.0, 1.0]], [[1.0, 0.0, 0.0], [0.0, 1.0, 0.0], [0.0, 0.0, 1.0]], [[1.0, 0.0, 0.0], [0.0, 1.0, 0.0], [0.0, 0.0, 1.0]], [[1.0, 0.0, 0.0], [0.0, 1.0, 0.0], [0.0, 0.0, 1.0]], [[1.0, 0.0, 0.0], [0.0, 1.0, 0.0], [0.0, 0.0, 1.0]], [[1.0, 0.0, 0.0], [0.0, 1.0, 0.0], [0.0, 0.0, 1.0]], [[1.0, 0.0, 0.0], [0.0, 1.0, 0.0], [0.0, 0.0, 1.0]], [[1.0, 0.0, 0.0], [0.0, 1.0, 0.0], [0.0, 0.0, 1.0]], [[1.0, 0.0, 0.0], [0.0, 1.0, 0.0], [0.0, 0.0, 1.0]], [[1.0, 0.0, 0.0], [0.0, 1.0, 0.0], [0.0, 0.0, 1.0]], [[1.0, 0.0, 0.0], [0.0, 1.0, 0.0], [0.0, 0.0, 1.0]], [[1.0, 0.0, 0.0], [0.0, 1.0, 0.0], [0.0, 0.0, 1.0]], [[1.0, 0.0, 0.0], [0.0, 1.0, 0.0], [0.0, 0.0, 1.0]], [[1.0, 0.0, 0.0], [0.0, 1.0, 0.0], [0.0, 0.0, 1.0]], [[1.0, 0.0, 0.0], [0.0, 1.0, 0.0], [0.0, 0.0, 1.0]], [[1.0, 0.0, 0.0], [0.0, 1.0, 0.0], [0.0, 0.0, 1.0]], [[1.0, 0.0, 0.0], [0.0, 1.0, 0.0], [0.0, 0.0, 1.0]], [[1.0, 0.0, 0.0], [0.0, 1.0, 0.0], [0.0, 0.0, 1.0]], [[1.0, 0.0, 0.0], [0.0, 1.0, 0.0], [0.0, 0.0, 1.0]], [[1.0, 0.0, 0.0], [0.0, 1.0, 0.0], [0.0, 0.0, 1.0]], [[1.0, 0.0, 0.0], [0.0, 1.0, 0.0], [0.0, 0.0, 1.0]], [[1.0, 0.0, 0.0], [0.0, 1.0, 0.0], [0.0, 0.0, 1.0]], [[1.0, 0.0, 0.0], [0.0, 1.0, 0.0], [0.0, 0.0, 1.0]], [[1.0, 0.0, 0.0], [0.0, 1.0, 0.0], [0.0, 0.0, 1.0]], [[1.0, 0.0, 0.0], [0.0, 1.0, 0.0], [0.0, 0.0, 1.0]], [[1.0, 5.667313847146646e-25, -4.515522399806537e-21], [-5.667313847146646e-25, 1.0, -9.098970095848924e-46], [4.515522399806537e-21, -9.098970073856345e-46, 1.0]], [[1.0, 2.1753521099468432e-24, -1.7332463676126558e-20], [-2.1753521099468432e-24, 1.0, 1.6662664544765662e-44], [1.7332463676126558e-20, 1.6662664604461684e-44, 1.0]], [[1.0, 7.552076455885999e-23, -6.0172367272760015e-19], [-7.552076455885999e-23, 1.0, 2.271912628131861e-41], [6.0172367272760015e-19, 2.2719126655024522e-41, 1.0]], [[1.0, 6.5348975663353834e-21, -5.2067814751733856e-17], [-6.5348975663353834e-21, 1.0, 1.701289022516584e-37], [5.2067814751733856e-17, 1.7012892926789349e-37, 1.0]], [[1.0, 6.43723098183877e-19, -5.128945984005665e-15], [-6.43723098183877e-19, 1.0, 1.6508092022133735e-33], [5.128945984005665e-15, 1.650811796965839e-33, 1.0]], [[1.0, 4.7715057018765886e-17, -3.80164445281708e-13], [-4.7715057018765886e-17, 1.0, 9.069722738869701e-30], [3.80164445281708e-13, 9.069845443894708e-30, 1.0]], [[1.0, 2.509145950486753e-15, -1.9987117302294806e-11], [-2.509145950486753e-15, 1.0, 2.5074067466955797e-26], [1.9987117302294806e-11, 2.5076526973986973e-26, 1.0]], [[1.0, 2.0097624497454686e-13, -1.5978039281049e-09], [-2.0097624497454686e-13, 1.0, 1.604899658640275e-22], [1.5978039281049e-09, 1.6063066781280927e-22, 1.0]], [[0.9999999999999879, 1.9995145474730244e-11, -1.5591060046641478e-07], [-1.9995145474730244e-11, 1.0, 1.5520316216893288e-18], [1.5591060046641478e-07, 1.5654235157053814e-18, 0.9999999999999879]], [[0.9999999999621593, 1.2791220896211954e-09, -8.699519567858136e-06], [-1.2791220896226659e-09, 1.0, 5.3947673374496454e-15], [8.699519567858136e-06, 5.732980310233564e-15, 0.9999999999621593]], [[0.9999999847638817, 4.2181177225331754e-08, -0.00017456298260107715], [-4.218117729625623e-08, 0.9999999999999991, 3.275338761915197e-12], [0.00017456298260107702, 4.087933346142396e-12, 0.9999999847638826]], [[0.9999999331064461, 1.1366551888644442e-07, -0.00036576917709306835], [-1.136655199741207e-07, 0.9999999999999936, 1.7814004174253602e-11], [0.0003657691770930679, 2.3761340660570412e-11, 0.9999999331064525]], [[0.999999805732744, 2.431888025276289e-07, -0.000623325288603813], [-2.431888105055619e-07, 0.9999999999999705, 6.299388693161545e-11], [0.0006233252886038098, 8.859186073529035e-11, 0.9999998057327737]], [[0.9999997981948022, 2.5007729552971535e-07, -0.0006353033077040964], [-2.500773040996323e-07, 0.9999999999999688, 6.594798831081711e-11], [0.0006353033077040929, 9.292696340970816e-11, 0.9999997981948335]], [[0.9999997946023138, 2.5334079102974285e-07, -0.0006409331217921803], [-2.5334079988885324e-07, 0.999999999999968, 6.736505602957015e-11], [0.0006409331217921767, 9.500946749280611e-11, 0.9999997946023459]], [[0.9999997909629706, 2.5663446068133787e-07, -0.0006465863823082881], [-2.5663446983805196e-07, 0.9999999999999671, 6.880656003349631e-11], [0.0006465863823082844, 9.712980771347296e-11, 0.9999997909630035]], [[0.9999997841563727, 2.627621130256725e-07, -0.0006570290250150409], [-2.627621227514971e-07, 0.9999999999999656, 7.151844791739782e-11], [0.000657029025015037, 1.0112390877736091e-10, 0.9999997841564071]], [[0.9999997778748795, 2.6838087334003515e-07, -0.0006665209077005509], [-2.6838088360549674e-07, 0.9999999999999641, 7.403918515166325e-11], [0.0006665209077005468, 1.0484230138017015e-10, 0.9999997778749153]], [[0.9999997716162604, 2.7394603889492574e-07, -0.0006758456575003513], [-2.739460497118032e-07, 0.9999999999999626, 7.656768232101778e-11], [0.0006758456575003469, 1.0857758318855229e-10, 0.9999997716162977]], [[0.9999997640077197, 2.806688230237947e-07, -0.0006870112276488839], [-2.806688345294552e-07, 0.9999999999999607, 7.966391898834953e-11], [0.0006870112276488793, 1.1315874032024174e-10, 0.9999997640077589]], [[0.9999997495743312, 2.933000995167197e-07, -0.0007077084071731419], [-2.933001123844015e-07, 0.999999999999957, 8.560331035025409e-11], [0.0007077084071731367, 1.2196766638193935e-10, 0.9999997495743741]], [[0.9999997208156334, 3.1803520413552694e-07, -0.000747240627258816], [-3.180352199322136e-07, 0.9999999999999495, 9.768440854172488e-11], [0.0007472406272588095, 1.399644558984363e-10, 0.9999997208156838]], [[0.9999996188152961, 4.020739400835751e-07, -0.0008731375044254903], [-4.020739685499366e-07, 0.9999999999999192, 1.429305831812702e-10], [0.0008731375044254774, 2.0813533273151732e-10, 0.9999996188153768]], [[0.9999990145456011, 8.418457700214195e-07, -0.0014038899952000786], [-8.418459439943562e-07, 0.9999999999996456, 4.670077827275843e-10], [0.001403889995199974, 7.148517756956694e-10, 0.9999990145459554]], [[0.9999949750714106, 3.2609800273681504e-06, -0.003170145311448838], [-3.260984125724746e-06, 0.9999999999946829, 3.876112022628904e-09], [0.0031701453114446262, 6.461700992960703e-09, 0.9999949750767275]], [[0.9999886199380679, 6.717346120979334e-06, -0.004770738856438203], [-6.7173667489903995e-06, 0.9999999999774384, 1.1699631567765388e-08], [0.004770738856409159, 2.034730413899207e-08, 0.9999886199606294]], [[0.9999854182350549, 8.413675916603211e-06, -0.005400300590977361], [-8.413709754420696e-06, 0.9999999999646045, 1.6452532796851008e-08], [0.005400300590924642, 2.898426887108784e-08, 0.9999854182704503]], [[0.9999849889591381, 8.639975641834567e-06, -0.005479213606340122], [-8.640011503337222e-06, 0.9999999999626749, 1.7125402885517987e-08], [0.005479213606283575, 3.021532277449352e-08, 0.999984988996463]], [[0.9999847500513, 8.765827471386909e-06, -0.005522643207724832], [-8.765864485164282e-06, 0.9999999999615795, 1.7503370367496226e-08], [0.005522643207666083, 3.090763851870147e-08, 0.9999847500897203]], [[0.9999845609038893, 8.865421980646817e-06, -0.005556786414879094], [-8.86545991991405e-06, 0.9999999999607015, 1.780436833014598e-08], [0.005556786414818566, 3.145937379971011e-08, 0.9999845609431876]], [[0.9999844124431327, 8.943566502189962e-06, -0.005583438973940715], [-8.943605176056585e-06, 0.9999999999600057, 1.8041699812347752e-08], [0.005583438973878769, 3.189465512307527e-08, 0.9999844124831269]], [[0.9999842691503648, 9.018969155039311e-06, -0.005609043632354799], [-9.019008544767776e-06, 0.9999999999593284, 1.82716660162892e-08], [0.005609043632291464, 3.2316633862593554e-08, 0.999984269191036]], [[0.999984128568481, 9.092925176919672e-06, -0.005634050803376335], [-9.092965275495095e-06, 0.9999999999586586, 1.8498133563559806e-08], [0.00563405080331162, 3.273238834564534e-08, 0.999984128609822]], [[0.9999839842018271, 9.168852022513746e-06, -0.0056596162213296995], [-9.168892855753491e-06, 0.9999999999579653, 1.8731572614040648e-08], [0.005659616221263549, 3.31611421269711e-08, 0.9999839842438615]], [[0.9999838240726885, 9.253045475639294e-06, -0.005687838547658158], [-9.253087131743367e-06, 0.9999999999571898, 1.8991531435749368e-08], [0.005687838547590393, 3.363884144452106e-08, 0.9999838241154984]], [[0.9999836637434331, 9.337320187659295e-06, -0.005715956532003928], [-9.33736267607783e-06, 0.9999999999564064, 1.925289775442531e-08], [0.005715956531934522, 3.4119375947737693e-08, 0.9999836637870263]], [[0.9999835084039627, 9.418949856390076e-06, -0.0057430681160832164], [-9.418993159263216e-06, 0.9999999999556409, 1.9507158362980913e-08], [0.005743068116012198, 3.458708264163395e-08, 0.9999835084483215]], [[0.999983348944792, 9.502722261631835e-06, -0.005770766227921196], [-9.502766408799458e-06, 0.9999999999548483, 1.9769210332545467e-08], [0.005770766227848499, 3.5069362311259896e-08, 0.9999833489899435]], [[0.9999831919090221, 9.585200213657113e-06, -0.005797914070471619], [-9.585245200452298e-06, 0.9999999999540612, 2.0028313005490566e-08], [0.0057979140703972466, 3.5546451650708525e-08, 0.9999831919549607]], [[0.9999830410304482, 9.66442492250249e-06, -0.00582387826937806], [-9.664470723641341e-06, 0.9999999999532987, 2.0278218225893742e-08], [0.005823878269302056, 3.600682670611584e-08, 0.9999830410771493]], [[0.999982895771947, 9.740681130092635e-06, -0.005848766423044939], [-9.74072772231779e-06, 0.9999999999525588, 2.0519701479749666e-08], [0.0058487664229673435, 3.645189073408814e-08, 0.9999828958193879]], [[0.9999827438466785, 9.820419341360358e-06, -0.005874684027959783], [-9.820466768411467e-06, 0.9999999999517789, 2.0773194767418877e-08], [0.005874684027880501, 3.691930297138051e-08, 0.9999827438948993]], [[0.9999825709384031, 9.91114893828786e-06, -0.00590404278367461], [-9.911197324718098e-06, 0.9999999999508837, 2.1062847292497416e-08], [0.005904042783593383, 3.745365285761121e-08, 0.9999825709875191]], [[0.999982401900657, 9.99982601219803e-06, -0.005932603896870494], [-9.999875346060295e-06, 0.9999999999500009, 2.1347192503919624e-08], [0.005932603896787338, 3.797848261422011e-08, 0.9999824019506558]], [[0.9999822228031234, 1.0093757918508847e-05, -0.005962715475461301], [-1.0093808266473072e-05, 0.9999999999490572, 2.1649722985467713e-08], [0.00596271547537607, 3.85371686446273e-08, 0.9999822228540659]], [[0.9999820403550361, 1.0189424034052244e-05, -0.005993234815630427], [-1.018947542598126e-05, 0.999999999948087, 2.195924354949348e-08], [0.005993234815543051, 3.9109069708594883e-08, 0.9999820404069488]], [[0.9999817724599658, 1.0329853442303169e-05, -0.006037767892194028], [-1.032990638706127e-05, 0.9999999999466462, 2.2416143734468264e-08], [0.006037767892103444, 3.99538419717266e-08, 0.9999817725133193]], [[0.9999812646212061, 1.0595935438333122e-05, -0.006121298416205867], [-1.0595991391930199e-05, 0.9999999999438621, 2.329011114100276e-08], [0.00612129841610901, 4.157155053547393e-08, 0.9999812646773437]], [[0.9999800301108339, 1.1242156792969384e-05, -0.0063197510354630485], [-1.1242220417830433e-05, 0.9999999999368059, 2.5456750315127074e-08], [0.006319751035349865, 4.559179218171203e-08, 0.9999800301740278]], [[0.9999771366271142, 1.2754347758672411e-05, -0.006762104728935967], [-1.275443135988011e-05, 0.9999999999186617, 3.0760700000910835e-08], [0.0067621047287782805, 5.548680390784899e-08, 0.9999771367084521]], [[0.9999736828309395, 1.4556973260455973e-05, -0.007254890324669295], [-1.4557084410017021e-05, 0.9999999998940449, 3.748508051515971e-08], [0.007254890324446271, 6.812595682953732e-08, 0.9999736829368941]], [[0.9999652322323803, 1.8968783228173417e-05, -0.008338702934368877], [-1.896897912306844e-05, 0.9999999998200872, 5.559746569456237e-08], [0.008338702933923255, 1.0258114918259667e-07, 0.9999652324122923]], [[0.9999557152766944, 2.3956472765182385e-05, -0.00941099949860599], [-2.395679438206524e-05, 0.9999999997130328, 7.85566137772129e-08], [0.009410999497787282, 1.4690424500038637e-07, 0.9999557155636601]], [[0.999950690615311, 2.6602442208833706e-05, -0.009930540281035618], [-2.660284349216755e-05, 0.9999999996461401, 9.168454790680936e-08], [0.00993054027996063, 1.7250058189276056e-07, 0.9999506909691691]], [[0.9999480366883762, 2.8004048071943234e-05, -0.0101942699020581], [-2.8004495208651583e-05, 0.9999999996078691, 9.888482759677113e-08], [0.010194269900829786, 1.8660569341609837e-07, 0.9999480370805048]], [[0.9999466372977022, 2.8744284279093665e-05, -0.010330621026086647], [-2.8744756654313042e-05, 0.999999999586864, 1.0275382230742011e-07], [0.010330621024772278, 1.942028483988801e-07, 0.9999466377108357]], [[0.9999452822609012, 2.946185361831167e-05, -0.010460956751978154], [-2.946235113359884e-05, 0.9999999995659791, 1.0654715383211208e-07], [0.010460956750576955, 2.016630572093057e-07, 0.9999452826949194]], [[0.999943729284176, 3.0285219409196492e-05, -0.010608362176179047], [-3.0285746589245852e-05, 0.9999999995413804, 1.1095084061894523e-07], [0.010608362174674014, 2.1033757126085763e-07, 0.9999437297427927]], [[0.9999384290229385, 3.310336510535752e-05, -0.011096714257198192], [-3.310400043811683e-05, 0.9999999994520544, 1.264243379532226e-07], [0.011096714255302868, 2.409290797506178e-07, 0.9999384295708804]], [[0.9999253838186071, 4.0094004895541484e-05, -0.012215776180126802], [-4.009495272161044e-05, 0.9999999991961832, 1.673142940617986e-07], [0.012215776177015858, 3.224891586937505e-07, 0.9999253846224174]], [[0.999910403518906, 4.821816758534007e-05, -0.01338591086432911], [-4.821955757497465e-05, 0.999999998837413, 2.1890605845955057e-07], [0.013385910859322076, 4.2657625437085243e-07, 0.9999104046814818]], [[0.9999086463921135, 4.917773220818699e-05, -0.013516525139360525], [-4.9179180012435715e-05, 0.9999999987906786, 2.252673505364793e-07], [0.013516525134092842, 4.3948485142183647e-07, 0.9999086476014231]], [[0.9999068740870077, 5.01469143395446e-05, -0.013647001093168399], [-5.014842173204579e-05, 0.9999999987425409, 2.317477648323018e-07], [0.013647001087629292, 4.526493830896623e-07, 0.9999068753444542]], [[0.9999021708606305, 5.272460244721483e-05, -0.013987348866596068], [-5.272627413729148e-05, 0.9999999986099387, 2.492539999652791e-07], [0.013987348860294617, 4.882711751349805e-07, 0.999902172250677]], [[0.999897743072091, 5.5157746331368337e-05, -0.01430036212697858], [-5.515958081277752e-05, 0.9999999984786747, 2.661389916417456e-07], [0.014300362119902708, 5.226902033108755e-07, 0.9998977445933994]], [[0.999892619775802, 5.797912255722841e-05, -0.014654199272078743], [-5.7981155108207277e-05, 0.9999999983190517, 2.8615558708720913e-07], [0.014654199264036846, 5.635425413467446e-07, 0.9998926214567306]], [[0.9998622194214204, 7.476728925946608e-05, -0.016599294669497125], [-7.477070332528797e-05, 0.9999999972045848, 4.149378678194692e-07], [0.01659929465411899, 8.26260239704171e-07, 0.999862222216793]], [[0.9998553922390734, 7.853032740865368e-05, -0.017005541550839876], [-7.853409798761689e-05, 0.9999999969160981, 4.4607923250760795e-07], [0.017005541533427208, 8.895001404996839e-07, 0.9998553953229258]], [[0.999849215467199, 8.192767003591251e-05, -0.017364896126515053], [-8.193177697932719e-05, 0.999999996643479, 4.749136560757434e-07], [0.01736489610713799, 9.478947502670503e-07, 0.9998492188236636]], [[0.9998434893563111, 8.507039715620881e-05, -0.01769151081238697], [-8.507482746737723e-05, 0.9999999963810107, 5.021898392749981e-07], [0.017691510791083075, 1.0029909887832248e-06, 0.9998434929752374]], [[0.9998363338277612, 8.89877844576503e-05, -0.018091369186356423], [-8.899263423163098e-05, 0.9999999960400112, 5.369940401309599e-07], [0.018091369162500717, 1.0730924483810902e-06, 0.9998363377876778]], [[0.9998273254780227, 9.390207044392387e-05, -0.018582529695023022], [-9.390747202898316e-05, 0.9999999955905239, 5.819137061546886e-07], [0.018582529667726708, 1.1632251630816206e-06, 0.999827329887414]], [[0.9998157521031266, 0.00010018219028947078, -0.01919509859285147], [-0.00010018833822182312, 0.9999999949809426, 6.413645325472948e-07], [0.019195098560763478, 1.281878667542964e-06, 0.999815757122081]], [[0.999805057847534, 0.00010594498354337608, -0.01974424164536931], [-0.00010595185654324082, 0.9999999943868583, 6.979700041652739e-07], [0.019744241608488512, 1.3941051179771744e-06, 0.9998050634605542]], [[0.9997948257519703, 0.00011141481678365775, -0.020255714905356673], [-0.00011142241304877885, 0.9999999937922388, 7.535677276598777e-07], [0.020255714863572652, 1.503527517817172e-06, 0.9997948319595905]], [[0.9997869411226618, 0.00011559518059799022, -0.0206411966306882], [-0.0001156033522483854, 0.9999999933176144, 7.973325333018444e-07], [0.020641196584923575, 1.5890288704004309e-06, 0.9997869478048902]], [[0.9997841946416237, 0.00011704341668449009, -0.020773792278728328], [-0.00011705179217261292, 0.9999999931491085, 8.127603163344031e-07], [0.020773792231537587, 1.619024698145907e-06, 0.9997842014923523]], [[0.9997826292730179, 0.00011786689030569447, -0.020848988256717722], [-0.00011787538271972672, 0.9999999930523593, 8.215950095620927e-07], [0.020848988208705305, 1.6361660512243404e-06, 0.9997826362204921]], [[0.9997810628365429, 0.00011868946072455252, -0.02092396487872009], [-0.00011869807067267978, 0.9999999929550389, 8.304656747348632e-07], [0.02092396482987911, 1.6533504069935286e-06, 0.9997810698813341]], [[0.9997773196831058, 0.00012064892557234094, -0.021102049452672876], [-0.00012065781844702864, 0.9999999927204825, 8.517830618456206e-07], [0.02110204940182686, 1.6945338651995698e-06, 0.9997773269624451]], [[0.9997682576400293, 0.00012535419623211426, -0.021527082982764813], [-0.0001253637851985237, 0.9999999921415518, 9.040773407889037e-07], [0.021527082926925248, 1.7948487792319991e-06, 0.9997682654982786]], [[0.9997506335240615, 0.0001343286870733857, -0.022330533447343967], [-0.00013433966697394995, 0.9999999909759182, 1.0084262710501048e-06], [0.022330533381291998, 1.9917016233241044e-06, 0.9997506425479009]], [[0.9997329716982526, 0.00014308999143494475, -0.023107678910625595], [-0.00014310240832180935, 0.9999999897602271, 1.1162540857663895e-06], [0.023107678833733016, 2.190808488504269e-06, 0.9997329819377362]], [[0.9997038606683509, 0.00015729991700301883, -0.02433446571288948], [-0.00015731485494931317, 0.9999999876251723, 1.3005102936241246e-06], [0.024334465616324838, 2.5280477825156814e-06, 0.9997038730428013]], [[0.9996713493184055, 0.00017355999478987376, -0.025635195120146944], [-0.00017357818632006417, 0.9999999849341578, 1.5155899552892472e-06], [0.025635194996976942, 2.934618819292254e-06, 0.9996713643837436]], [[0.9996309098826266, 0.0001960196122484565, -0.027166258180771674], [-0.00019604312050072178, 0.9999999807819305, 1.7980230712947712e-06], [0.027166258011136448, 3.5283985872803662e-06, 0.9996309290999467]], [[0.9996192345491791, 0.00020331638082201633, -0.02759247328101004], [-0.00020334184150261732, 0.9999999793242741, 1.8831462879126421e-06], [0.027592473093390142, 3.7282750776469753e-06, 0.9996192552240529]], [[0.9996122015628991, 0.00020795373449783235, -0.02784606330918179], [-0.00020798049360906944, 0.9999999783701838, 1.935314896410551e-06], [0.027846063109332547, 3.856873607736598e-06, 0.9996122231917912]], [[0.9996052545812888, 0.00021273865103251473, -0.02809430112574163], [-0.0002127667960302917, 0.9999999773631695, 1.9875527150095888e-06], [0.02809430091260501, 3.990766299495368e-06, 0.9996052772171151]], [[0.9995940818473, 0.00022091963219885875, -0.028488993144195496], [-0.00022095025243827672, 0.9999999755883433, 2.0731545539332394e-06], [0.02848899290673255, 4.222337203997935e-06, 0.9995941062578009]], [[0.9995758982218279, 0.00023578313549276768, -0.02911989183255141], [-0.00023581857618404112, 0.9999999721923408, 2.217172714927996e-06], [0.029119891545567357, 4.650779022488538e-06, 0.9995759260280053]], [[0.9995553989183498, 0.00025554707597241045, -0.02981508324441045], [-0.00025558951004979447, 0.9999999673341494, 2.387816495223555e-06], [0.029815082880674956, 5.233667649043173e-06, 0.9995554315821743]], [[0.9995288883642139, 0.00028801416483906217, -0.030690688705871633], [-0.00028806929716844297, 0.999999958504593, 2.6251778816066696e-06], [0.030690688188437464, 6.217103995330644e-06, 0.9995289298563937]], [[0.9995030772018642, 0.00033196675452729194, -0.031519651998084326], [-0.0003320409228784052, 0.9999999448702604, 2.881124834286349e-06], [0.03151965121685181, 7.5861212006134e-06, 0.9995031323260671]], [[0.9994991704670652, 0.0003402705704994815, -0.03164320545693099], [-0.0003403485244983194, 0.9999999420771679, 2.9226774896057213e-06], [0.03164320461856807, 7.848504561295179e-06, 0.9994992283838289]], [[0.9994980599984279, 0.0003427363259329792, -0.03167823529163196], [-0.0003428154140630075, 0.9999999412344878, 2.934648900585331e-06], [0.03167823443585505, 7.926611465409862e-06, 0.9994981187577077]], [[0.999496977150052, 0.00034518882289949026, -0.03171235583470642], [-0.00034526904345998354, 0.999999940390301, 2.946393564497147e-06], [0.03171235496140459, 8.004383303737678e-06, 0.9994970367533526]], [[0.9994957833877258, 0.00034794971488822664, -0.03174992789211082], [-0.0003480312154266758, 0.9999999394327552, 2.959424283549141e-06], [0.03174992699883604, 8.092033901373265e-06, 0.999495843948382]], [[0.9994935803617396, 0.0003532108573178168, -0.031819146087899056], [-0.0003532948116797013, 0.9999999375869344, 2.9837074701010092e-06], [0.031819145155846516, 8.259342762925104e-06, 0.9994936427678444]], [[0.999489104908279, 0.00036463085335383574, -0.03195928994815323], [-0.00036472019731743894, 0.9999999334849835, 3.0340330398276954e-06], [0.031959288928682626, 8.623715568811338e-06, 0.9994891714154813]], [[0.9994825912356102, 0.00038335159819495053, -0.03216213392336535], [-0.00038344994922650383, 0.9999999264782293, 3.109903976925545e-06], [0.03216213275093502, 9.224273734614398e-06, 0.9994826647480309]], [[0.9994795708767555, 0.0003930727071800377, -0.03225574202937873], [-0.00039317581179425205, 0.9999999227014376, 3.1462660121952405e-06], [0.032255740772767584, 9.537548953729345e-06, 0.9994796481651019]], [[0.999476708199153, 0.0004030334362912097, -0.03234420089346489], [-0.00040314146111513434, 0.9999999187334164, 3.181499040546173e-06], [0.03234419954721272, 9.859454218644425e-06, 0.9994767894545836]], [[0.9994763639220925, 0.00040428623583103613, -0.03235482210915134], [-0.0004043948828601138, 0.9999999182273109, 3.185789783991575e-06], [0.03235482075138153, 9.90000290730144e-06, 0.9994764456835072]], [[0.9994762150540883, 0.00040483184863384915, -0.032359413658632805], [-0.0004049407668714965, 0.9999999180064033, 3.1876488089851622e-06], [0.0323594122958299, 9.917666615947994e-06, 0.9994762970363575]], [[0.9994761665468085, 0.00040501014480736795, -0.03236090962382597], [-0.00040511915170094034, 0.9999999179341502, 3.1882550372217057e-06], [0.032360908259376105, 9.923439332534682e-06, 0.9994762486013133]], [[0.9994761442303502, 0.00040509225757809136, -0.03236159783906597], [-0.00040520130530634563, 0.999999917900864, 3.188534020806462e-06], [0.03236159647385724, 9.926097997361017e-06, 0.9994762263181334]], [[0.9994761219259932, 0.0004051743795142889, -0.03236228566559698], [-0.00040528346808490747, 0.9999999178675673, 3.1888129033656812e-06], [0.03236228429962906, 9.928757015539544e-06, 0.999476204047065]], [[0.9994759842806393, 0.00040568236749618527, -0.032366530059096114], [-0.000405791708777956, 0.999999917661451, 3.190535066036353e-06], [0.032366528688426856, 9.94520636442052e-06, 0.9994760666077777]], [[0.9994759521149574, 0.00040580137567471113, -0.032367521825825835], [-0.000405910776177318, 0.9999999176131261, 3.1909377868245924e-06], [0.03236752045405388, 9.949060324666551e-06, 0.999476034490409]], [[0.9994759268077184, 0.00040589508915790033, -0.0323683021030064], [-0.00040600453629882497, 0.9999999175750625, 3.191254712403436e-06], [0.03236830073036578, 9.95209522478788e-06, 0.9994760092212244]], [[0.9994759036232711, 0.00040598100444809367, -0.032369016912352666], [-0.0004060904943499996, 0.9999999175401585, 3.19154511115229e-06], [0.03236901553891539, 9.954877645672833e-06, 0.9994759860716727]], [[0.9994758246628243, 0.0004062740628673539, -0.03237145124883538], [-0.0004063836986534714, 0.9999999174210449, 3.1925345473887436e-06], [0.03237144987267878, 9.964368989801748e-06, 0.9994759072303107]], [[0.9994757459787013, 0.00040656679732653273, -0.032373876872571546], [-0.0004066765788754914, 0.9999999173019771, 3.1935211535892948e-06], [0.03237387549369564, 9.973850554226777e-06, 0.9994758286652267]], [[0.9994757274348114, 0.0004066358901088204, -0.03237444850356304], [-0.0004067457060673314, 0.9999999172738616, 3.193753764230208e-06], [0.03237444712404488, 9.976088548405967e-06, 0.9994758101494456]], [[0.999475708896845, 0.000406705000016814, -0.032375019941221404], [-0.00040681485039562455, 0.9999999172457343, 3.193986335730953e-06], [0.032375018561060655, 9.978327136867229e-06, 0.9994757916395998]], [[0.9994756173468511, 0.0004070468761818266, -0.03237784183626073], [-0.0004071568968651917, 0.9999999171065226, 3.1951354094174273e-06], [0.032377840452918756, 9.989401673445045e-06, 0.9994757002287838]], [[0.999475525941253, 0.0004073891722202684, -0.03238065901924284], [-0.00040749936347154406, 0.9999999169670226, 3.1962835291673247e-06], [0.032380657632711654, 1.0000490777794107e-05, 0.999475608962652]], [[0.999475418675178, 0.0004077920911311401, -0.03238396469999531], [-0.0004079024832282932, 0.999999916802666, 3.197631965175785e-06], [0.03238396330970485, 1.0013545070777688e-05, 0.9994755018608937]], [[0.999475319008785, 0.00040816765891971954, -0.03238703585467866], [-0.0004082782382960759, 0.99999991664932, 3.198885931362842e-06], [0.03238703446087902, 1.002571440569387e-05, 0.9994754023478095]], [[0.9994751613581405, 0.0004087640920439565, -0.03239189312217801], [-0.0004088749689681775, 0.9999999164055035, 3.2008715379706084e-06], [0.03239189172279539, 1.0045042698286612e-05, 0.9994752449409223]], [[0.9994750041428174, 0.00040936178716984657, -0.032396736203589516], [-0.0004094729624342727, 0.9999999161608137, 3.202854240336149e-06], [0.03239673479859968, 1.0064414791392049e-05, 0.9994750879702293]], [[0.9994748230711262, 0.0004100538102903142, -0.03240231323248904], [-0.0004101653311813049, 0.9999999158770604, 3.205141012439296e-06], [0.032402311820991514, 1.0086847791753878e-05, 0.9994749071822222]], [[0.9994744512297167, 0.0004114872682487103, -0.032413762775826256], [-0.0004115995057569214, 0.9999999152877681, 3.209847884834764e-06], [0.032413761350795635, 1.0133327785061498e-05, 0.9994745359299607]], [[0.9994740184857495, 0.0004131767982231974, -0.03242708215186586], [-0.0004132898815394451, 0.9999999145905639, 3.2153442540687848e-06], [0.032427080710792734, 1.0188131898820712e-05, 0.9994741038830264]], [[0.9994733666213872, 0.00041576624090339286, -0.03244713474169432], [-0.0004158806229672477, 0.9999999135164539, 3.2236620463872367e-06], [0.03244713327584092, 1.0272170251561226e-05, 0.9994734530925087]], [[0.9994724330050131, 0.0004195715220820326, -0.03247583136395429], [-0.0004196878179159296, 0.999999911925829, 3.235657078139013e-06], [0.032475829861261955, 1.03957607479216e-05, 0.999472521066363]], [[0.9994716089195438, 0.00042302943840346864, -0.03250113859352231], [-0.0004231474785447882, 0.9999999104678323, 3.246327417623392e-06], [0.032501137056917005, 1.0508162758547398e-05, 0.9994716984385235]], [[0.9994708304270613, 0.0004263857906238205, -0.03252502606610104], [-0.00042650552847112025, 0.9999999090412106, 3.256480634585645e-06], [0.03252502449618114, 1.0617346026775838e-05, 0.9994709213723006]], [[0.9994693994634978, 0.0004327973825443023, -0.03256888426862913], [-0.00043292037573407926, 0.9999999062846058, 3.2753358449370656e-06], [0.032568882633980105, 1.082613566486956e-05, 0.9994694931646336]], [[0.9994669584038598, 0.0004445370536643506, -0.03264355136543263], [-0.000444666046759616, 0.9999999011305767, 3.3081098229577977e-06], [0.032643549608560946, 1.1209132475079243e-05, 0.9994670572576715]], [[0.9994659869415944, 0.00044952372286030407, -0.03267321342154443], [-0.0004496552790425272, 0.9999998988995441, 3.3213801200033652e-06], [0.03267321161130683, 1.1372076438668663e-05, 0.9994660880258417]], [[0.9994653023443995, 0.00045315674944944843, -0.03269409822247926], [-0.0004532901781302528, 0.9999998972584547, 3.3308138974976796e-06], [0.03269409637281791, 1.1490880687995575e-05, 0.9994654050692927]], [[0.9994646445454407, 0.0004567458706995761, -0.03271415117144241], [-0.00045688115339718614, 0.9999998956242228, 3.3399444225324576e-06], [0.032714149282383295, 1.1608322754586e-05, 0.999464748904121]], [[0.999463318951068, 0.0004642934368975796, -0.03275451881684101], [-0.0004644326313724033, 0.9999998921455197, 3.3585485236114604e-06], [0.03275451684347146, 1.1855521309210859e-05, 0.9994634267874929]], [[0.9994613316115567, 0.00047649378404599103, -0.03281492902522199], [-0.00047663933684967386, 0.999999886401729, 3.3869831262784264e-06], [0.03281492691137921, 1.2255727343850225e-05, 0.9994614451901578]], [[0.9994607910749241, 0.00048001877125046244, -0.0328313369491514], [-0.0004801661687633616, 0.9999998847144561, 3.3948368221129815e-06], [0.03283133479375827, 1.2371490982489109e-05, 0.9994609063403166]], [[0.9994602606954043, 0.000483572344036522, -0.03284742681649974], [-0.00048372160452171833, 0.999999883000909, 3.4025952884413606e-06], [0.03284742461878165, 1.2488251230095827e-05, 0.9994603776738514]], [[0.9994596061390093, 0.00048809538601541497, -0.03286727033620697], [-0.00048824702238691034, 0.9999998808015937, 3.4122438739811233e-06], [0.03286726808398122, 1.2636946957334667e-05, 0.999459725316135]], [[0.9994583089967425, 0.0004975503699258412, -0.03290654981921114], [-0.0004977069890554945, 0.9999998761379808, 3.4316159428814317e-06], [0.032906547450741216, 1.2948062763361076e-05, 0.9994584328361138]], [[0.9994571641265655, 0.0005065083710442362, -0.03294116763802337], [-0.0005066697301749823, 0.9999998716369362, 3.4490082155029366e-06], [0.0329411651565457, 1.3243156548725779e-05, 0.9994572924656405]], [[0.9994568099681282, 0.0005094100798210784, -0.03295186655875685], [-0.0005095729781506642, 0.9999998701617149, 3.4544474597416076e-06], [0.032951864040073366, 1.3338809739688567e-05, 0.9994569397819806]], [[0.9994564617465531, 0.000512328399664649, -0.03296238147759317], [-0.0005124928478160781, 0.9999998686695466, 3.4598237914120395e-06], [0.032962378921194656, 1.3435041509455857e-05, 0.9994565930521225]], [[0.9994561116095131, 0.0005153312723718951, -0.03297294952040165], [-0.0005154973171064175, 0.9999998671252451, 3.4652586052031437e-06], [0.03297294692488519, 1.3534093123610053e-05, 0.9994562444589147]], [[0.9994555490563888, 0.0005203087363306251, -0.032989918751249764], [-0.0005204774315564253, 0.9999998645455779, 3.4740529579943576e-06], [0.03298991609019949, 1.369834667235782e-05, 0.9994556844846687]], [[0.999454076046313, 0.000534352912418857, -0.033034290387089854], [-0.0005345291120162644, 0.9999998571331878, 3.497466000823013e-06], [0.033034287536467234, 1.4162233256378011e-05, 0.999454218884682]], [[0.9994537054924898, 0.0005381488636669822, -0.03304543800791318], [-0.0005383270978151711, 0.9999998550958202, 3.5034490553879686e-06], [0.033045435104868216, 1.4287719598454795e-05, 0.9994538503675854]], [[0.9994535133352305, 0.0005401641680327715, -0.03305121638515985], [-0.000540343483369198, 0.9999998540083013, 3.506567225750169e-06], [0.03305121345407859, 1.4354358457659619e-05, 0.9994536592975014]], [[0.9994533236558396, 0.0005421863817704788, -0.033056918598467266], [-0.0005423667827050987, 0.9999998529129668, 3.5096558202566724e-06], [0.03305691563911077, 1.4421237411986854e-05, 0.999453470713098]], [[0.9994531330254944, 0.0005442529079677535, -0.033062647720626906], [-0.0005444344190065762, 0.9999998517894009, 3.51277071485057e-06], [0.03306264473222775, 1.4489593706076414e-05, 0.9994532812059616]], [[0.9994528899886743, 0.0005469393323907267, -0.03306994935974901], [-0.0005471222876002876, 0.9999998503224061, 3.5167579356738998e-06], [0.0330699463333718, 1.4578472462367074e-05, 0.9994530396356683]], [[0.9994524473580572, 0.0005519904216687418, -0.033083240115913425], [-0.0005521760954415433, 0.9999998475445586, 3.5240669512811242e-06], [0.03308323701744465, 1.474563701268395e-05, 0.999452599782008]], [[0.9994513634922969, 0.0005653453797380453, -0.0331157424496712], [-0.0005655382604572364, 0.9999998400769514, 3.542236911111466e-06], [0.03311573915628798, 1.5187925868149222e-05, 0.9994515233814296]], [[0.9994510909165017, 0.0005689582524241483, -0.03312390605475444], [-0.0005691530873467661, 0.9999998380260783, 3.546870961903894e-06], [0.033123902707566974, 1.5307649343868227e-05, 0.999451252855834]], [[0.9994509446620525, 0.0005709446149943063, -0.03312828453723631], [-0.0005711405251270896, 0.9999998368929379, 3.5493686981251296e-06], [0.03312828116027209, 1.5373485928897116e-05, 0.9994511077341516]], [[0.9994508005104279, 0.0005729368342432101, -0.03313259878807382], [-0.0005731338233068153, 0.999999835752489, 3.551838384823104e-06], [0.033132595381105974, 1.5439525302539794e-05, 0.999450964722599]], [[0.9994506325086419, 0.0005753037071418482, -0.03313762519739237], [-0.0005755019787442232, 0.9999998343924044, 3.5547267070583212e-06], [0.03313762175459739, 1.5517995016254345e-05, 0.9994507980804467]], [[0.9994503918115154, 0.000578783952544792, -0.03314482338084129], [-0.0005789841113564931, 0.9999998323823525, 3.5588840267729745e-06], [0.03314481988500893, 1.5633398076289723e-05, 0.9994505593927034]], [[0.9994497641203247, 0.0005884112892147169, -0.03316357598306448], [-0.0005886166767492023, 0.999999826758817, 3.569836480595605e-06], [0.033163572338299425, 1.5952761655827068e-05, 0.999449937323162]], [[0.9994492628737586, 0.0005967689425463239, -0.03317852932142144], [-0.0005969788784718785, 0.9999998218016899, 3.5787048315587025e-06], [0.03317852554472348, 1.623014731773981e-05, 0.9994494410320419]], [[0.9994490643335633, 0.000600272846417136, -0.03318444628553197], [-0.0006004846916605523, 0.9999998197026351, 3.5822493988718807e-06], [0.03318444245279079, 1.6346476185817258e-05, 0.9994492445901847]], [[0.9994488715913936, 0.0006037929085209987, -0.03319018693554188], [-0.0006040066732783316, 0.9999998175815241, 3.585708527328711e-06], [0.033190183046063935, 1.6463362054963675e-05, 0.9994490539683987]], [[0.9994486860302145, 0.0006073018451031655, -0.033195710219082436], [-0.0006075175246601305, 0.999999815454771, 3.5890561107815064e-06], [0.03319570627261288, 1.6579898287658072e-05, 0.9994488705332404]], [[0.9994483909960348, 0.0006131504080207191, -0.033204484366075274], [-0.0006133692820009457, 0.9999998118825845, 3.5944149259146106e-06], [0.03320448032365046, 1.6774178520589132e-05, 0.9994485790700108]], [[0.9994477920279017, 0.0006262570196364494, -0.03322226381058415], [-0.0006264830647936567, 0.999999803752966, 3.6054401698429856e-06], [0.03322225954874563, 1.7209736434435278e-05, 0.9994479882286528]], [[0.9994474612661142, 0.000634399143479769, -0.03323205841425379], [-0.000634629651652562, 0.9999997986160606, 3.6116190012889247e-06], [0.033232054013058954, 1.7480426213272204e-05, 0.9994476626019535]], [[0.9994471682111264, 0.0006423255827049756, -0.03324071859344327], [-0.0006425604412092932, 0.9999997935514766, 3.617151848015307e-06], [0.033240714054335166, 1.7744018634063722e-05, 0.9994473746097431]], [[0.9994467842104382, 0.0006540666321037916, -0.0332520334454432], [-0.0006543079438763171, 0.999999785933966, 3.624491116091041e-06], [0.03325202869797098, 1.8134583643053378e-05, 0.9994469982238211]], [[0.9994466593844832, 0.000658316415225661, -0.033255701235977354], [-0.0006585600653929979, 0.9999997831427195, 3.6269000326081566e-06], [0.03325569641188426, 1.8275983659178955e-05, 0.9994468761880991]], [[0.9994465413330859, 0.0006625851803747908, -0.03325916412379043], [-0.0006628311806831488, 0.9999997803208034, 3.6291891361087373e-06], [0.03325915922209092, 1.841803049481455e-05, 0.9994467609575891]], [[0.9994464141512391, 0.0006675067697687756, -0.03326288735128657], [-0.0006677554811848175, 0.9999997770446893, 3.631667429285532e-06], [0.03326288235931178, 1.858181835930087e-05, 0.9994466370506567]], [[0.9994461062073681, 0.0006813298179189212, -0.03327185862875543], [-0.0006815861522565018, 0.9999997677135151, 3.6377209624084837e-06], [0.03327185337864011, 1.9041932049883026e-05, 0.9994463384345132]], [[0.999446014490066, 0.0006861940108296681, -0.03327451363588389], [-0.000686453030328858, 0.9999997643844677, 3.639537942555224e-06], [0.0332745082933208, 1.9203869026834616e-05, 0.9994462500450185]], [[0.99944593075478, 0.0006910806660148171, -0.03327692752083425], [-0.0006913423844063947, 0.999999761016196, 3.6412016818316585e-06], [0.03327692208455162, 1.9366566214043622e-05, 0.9994461696767442]], [[0.999445859793092, 0.0006956579496183907, -0.03327896336226048], [-0.0006959221971931009, 0.9999997578394841, 3.642614507822861e-06], [0.033278957837423295, 1.9518973314742617e-05, 0.9994461018905748]], [[0.9994457667415166, 0.0007025096034152562, -0.03328161388396766], [-0.0007027776388608148, 0.9999997530451237, 3.6444689091556467e-06], [0.03328160822518523, 1.9747124999610823e-05, 0.9994460136315503]], [[0.9994456592816521, 0.0007124095579273551, -0.033284630322237885], [-0.0007126830703745846, 0.9999997460347396, 3.646604138449494e-06], [0.03328462446697372, 2.0076809857079048e-05, 0.9994459131794051]], [[0.9994456224788125, 0.0007166781577236327, -0.03328564375762714], [-0.0007169540330334189, 0.9999997429817729, 3.6473289021859722e-06], [0.03328563781657095, 2.0218969629149604e-05, 0.999445879428365]], [[0.9994455911563641, 0.0007209622704661958, -0.03328649172731808], [-0.0007212405179752259, 0.9999997398993702, 3.647938953144031e-06], [0.03328648569950697, 2.036165003149701e-05, 0.9994458511871368]], [[0.9994455674750096, 0.0007248562003559445, -0.033287118199796774], [-0.0007251366046337028, 0.9999997370817625, 3.648392217986868e-06], [0.033287112092566046, 2.0491338438799484e-05, 0.9994458303223055]], [[0.9994455393519667, 0.0007309554847872459, -0.03328782921035844], [-0.0007312392684602668, 0.9999997326378732, 3.6489100883934503e-06], [0.03328782297764447, 2.069448096910699e-05, 0.9994458066414347]], [[0.9994455233513985, 0.0007363703941553962, -0.033288190270635835], [-0.0007366571791177553, 0.9999997286614053, 3.6491751216651394e-06], [0.03328818392540959, 2.0874832603463588e-05, 0.9994457946157911]], [[0.9994455159523257, 0.0007412866300905516, -0.033288303304972185], [-0.000741576140767849, 0.9999997250257175, 3.649258630714446e-06], [0.0332882968566915, 2.1038576322628432e-05, 0.9994457908509894]], [[0.9994455150581615, 0.0007459333818036817, -0.033288226349843235], [-0.0007462254694589837, 0.9999997215670774, 3.649201283466553e-06], [0.03328821980336613, 2.1193344479098948e-05, 0.9994457934141128]], [[0.9994455199962647, 0.000750596754593327, -0.03328797326227835], [-0.0007508914290606681, 0.9999997180743336, 3.649011659686193e-06], [0.033287966616480605, 2.1348665457793402e-05, 0.9994458018435892]], [[0.9994455322172316, 0.0007557856589117572, -0.033287488926840574], [-0.000756083212384678, 0.999999714162391, 3.6486464251486084e-06], [0.03328748216961896, 2.1521488191805272e-05, 0.9994458179749582]], [[0.9994455767954183, 0.0007660744490416052, -0.033285915249761835], [-0.000766377713036583, 0.9999997063259056, 3.6474471401850597e-06], [0.033285908268766866, 2.1864158694624342e-05, 0.9994458703865269]], [[0.99944562436952