{"b2imat": [[[1.0, 0.0, 0.0], [0.0, 1.0, 0.0], [0.0, 0.0, 1.0]], [[1.0, 0.0, 0.0], [0.0, 1.0, 0.0], [0.0, 0.0, 1.0]], [[1.0, 0.0, 0.0], [0.0, 1.0, 0.0], [0.0, 0.0, 1.0]], [[1.0, 0.0, 0.0], [0.0, 1.0, 0.0], [0.0, 0.0, 1.0]], [[1.0, 0.0, 0.0], [0.0, 1.0, 0.0], [0.0, 0.0, 1.0]], [[1.0, 0.0, 0.0], [0.0, 1.0, 0.0], [0.0, 0.0, 1.0]], [[1.0, 0.0, 0.0], [0.0, 1.0, 0.0], [0.0, 0.0, 1.0]], [[1.0, 0.0, 0.0], [0.0, 1.0, 0.0], [0.0, 0.0, 1.0]], [[1.0, 0.0, 0.0], [0.0, 1.0, 0.0], [0.0, 0.0, 1.0]], [[1.0, 0.0, 0.0], [0.0, 1.0, 0.0], [0.0, 0.0, 1.0]], [[1.0, 0.0, 0.0], [0.0, 1.0, 0.0], [0.0, 0.0, 1.0]], [[1.0, 0.0, 0.0], [0.0, 1.0, 0.0], [0.0, 0.0, 1.0]], [[1.0, 0.0, 0.0], [0.0, 1.0, 0.0], [0.0, 0.0, 1.0]], [[1.0, 0.0, 0.0], [0.0, 1.0, 0.0], [0.0, 0.0, 1.0]], [[1.0, 0.0, 0.0], [0.0, 1.0, 0.0], [0.0, 0.0, 1.0]], [[1.0, 0.0, 0.0], [0.0, 1.0, 0.0], [0.0, 0.0, 1.0]], [[1.0, 0.0, 0.0], [0.0, 1.0, 0.0], [0.0, 0.0, 1.0]], [[1.0, 0.0, 0.0], [0.0, 1.0, 0.0], [0.0, 0.0, 1.0]], [[1.0, 0.0, 0.0], [0.0, 1.0, 0.0], [0.0, 0.0, 1.0]], [[1.0, 0.0, 0.0], [0.0, 1.0, 0.0], [0.0, 0.0, 1.0]], [[1.0, 0.0, 0.0], [0.0, 1.0, 0.0], [0.0, 0.0, 1.0]], [[1.0, 0.0, 0.0], [0.0, 1.0, 0.0], [0.0, 0.0, 1.0]], [[1.0, 0.0, 0.0], [0.0, 1.0, 0.0], [0.0, 0.0, 1.0]], [[1.0, 0.0, 0.0], [0.0, 1.0, 0.0], [0.0, 0.0, 1.0]], [[1.0, 0.0, 0.0], [0.0, 1.0, 0.0], [0.0, 0.0, 1.0]], [[1.0, 0.0, 0.0], [0.0, 1.0, 0.0], [0.0, 0.0, 1.0]], [[1.0, 0.0, 0.0], [0.0, 1.0, 0.0], [0.0, 0.0, 1.0]], [[1.0, 0.0, 0.0], [0.0, 1.0, 0.0], [0.0, 0.0, 1.0]], [[1.0, 0.0, 0.0], [0.0, 1.0, 0.0], [0.0, 0.0, 1.0]], [[1.0, 0.0, 0.0], [0.0, 1.0, 0.0], [0.0, 0.0, 1.0]], [[1.0, 3.3949868398210634e-26, -4.257051529022531e-22], [-3.3949868398210634e-26, 1.0, -5.1387084084353647e-48], [4.257051529022531e-22, -5.138708396223223e-48, 1.0]], [[1.0, 1.2972193972674157e-25, -1.6266130263270242e-21], [-1.2972193972674157e-25, 1.0, 9.313867310879188e-47], [1.6266130263270242e-21, 9.313867312936367e-47, 1.0]], [[1.0, 4.4857419389776305e-24, -5.624774232717984e-20], [-4.4857419389776305e-24, 1.0, 1.2614406326008294e-43], [5.624774232717984e-20, 1.2614406342523697e-43, 1.0]], [[1.0, 3.8787589128347296e-22, -4.863664174936125e-18], [-3.8787589128347296e-22, 1.0, 9.432490169990693e-40], [4.863664174936125e-18, 9.4324903492601e-40, 1.0]], [[1.0, 3.8204793879038254e-20, -4.790584254004876e-16], [-3.8204793879038254e-20, 1.0, 9.151163392964279e-36], [4.790584254004876e-16, 9.151165005264833e-36, 1.0]], [[1.0, 3.814697144798586e-18, -4.783314866687121e-14], [-3.814697144798586e-18, 1.0, 9.123440767576826e-32], [4.783314866687121e-14, 9.12345679681316e-32, 1.0]], [[1.0, 2.9906784317467515e-16, -3.7499341767853675e-12], [-2.9906784317467515e-16, 1.0, 5.6073800250645505e-28], [3.7499341767853675e-12, 5.607467237895323e-28, 1.0]], [[1.0, 1.529446893952211e-14, -1.9172752720689177e-10], [-1.529446893952211e-14, 1.0, 1.4661038353730122e-24], [1.9172752720689177e-10, 1.4662668744888659e-24, 1.0]], [[1.0, 5.824297604568918e-13, -7.290711694974755e-09], [-5.824297604568918e-13, 1.0, 2.122436152254864e-21], [7.290711694974755e-09, 2.1238913138537663e-21, 1.0]], [[0.9999999999999306, 3.006868184434244e-11, -3.724524161522033e-07], [-3.006868184434245e-11, 1.0, 5.585913252025689e-18], [3.724524161522033e-07, 5.6132399517489314e-18, 0.9999999999999306]], [[0.9999999993556679, 3.222821456601453e-09, -3.5897969077093106e-05], [-3.222821456649149e-09, 1.0, 5.6517708483300586e-14], [3.5897969077093106e-05, 5.917503669684541e-14, 0.9999999993556679]], [[0.9999998623466491, 6.41813137874364e-08, -0.0005246967492134175], [-6.418131445538934e-08, 0.9999999999999979, 1.556483362049743e-11], [0.0005246967492134172, 1.8110895488854083e-11, 0.9999998623466511]], [[0.9999976330893762, 3.8518036302807634e-07, -0.0021757333229524972], [-3.8518047713857506e-07, 0.9999999999999257, 3.665785610212837e-10], [0.002175733322952475, 4.714723057491966e-10, 0.9999976330894502]], [[0.9999860067497364, 1.3110354019602755e-06, -0.005290208219068435], [-1.3110383379413457e-06, 0.9999999999991405, 2.9128730979482367e-09], [0.005290208219067708, 4.022833446652805e-09, 0.9999860067505957]], [[0.9999620964506489, 2.7083612114757024e-06, -0.008706644284139453], [-2.7083796388831456e-06, 0.9999999999963322, 9.674196048879083e-09], [0.008706644284133721, 1.390706873322502e-08, 0.9999620964543166]], [[0.9999559154119335, 3.0308104809137454e-06, -0.009389740331821165], [-3.030834856522812e-06, 0.9999999999954068, 1.163370648193859e-08], [0.009389740331813298, 1.6825558670176223e-08, 0.9999559154165264]], [[0.9999522115684711, 3.2193378412156116e-06, -0.009776224678376405], [-3.2193661490156476e-06, 0.9999999999948176, 1.2841423554540243e-08], [0.009776224678367085, 1.863243690526169e-08, 0.9999522115736532]], [[0.9999505969622081, 3.3005436901400326e-06, -0.00994000120889277], [-3.3005737975442055e-06, 0.9999999999945528, 1.3375345425980133e-08], [0.009940001208882773, 1.943302288792199e-08, 0.9999505969676549]], [[0.9999490434231345, 3.378150327205311e-06, -0.01009507532161511], [-3.3781822147503706e-06, 0.9999999999942937, 1.389321354088068e-08], [0.01009507532160444, 2.021049831134596e-08, 0.9999490434288405]], [[0.9999384363392955, 3.89543304497419e-06, -0.011096103647366363], [-3.895478331732622e-06, 0.9999999999924123, 1.753166014701925e-08], [0.011096103647350464, 2.5694050484709983e-08, 0.9999384363468828]], [[0.9998915819783528, 5.990417106927026e-06, -0.014724953410604948], [-5.99054576241889e-06, 0.9999999999820559, 3.537040193229952e-08], [0.014724953410552606, 5.284394010611248e-08, 0.9998915819962966]], [[0.9998800841822975, 6.47066350318267e-06, -0.015486032859804617], [-6.470818278837763e-06, 0.9999999999790633, 4.0112124256713354e-08], [0.015486032859739943, 6.009999031106736e-08, 0.9998800842032338]], [[0.9998753748461695, 6.664418773395036e-06, -0.01578716984833389], [-6.664584864741937e-06, 0.9999999999777907, 4.209009120858099e-08], [0.015787169848263772, 6.313008749752171e-08, 0.9998753748683786]], [[0.9998710749240716, 6.839937805761448e-06, -0.016057194132213876], [-6.840114538960527e-06, 0.9999999999766054, 4.3913582981027046e-08], [0.01605719413213859, 6.592512561335573e-08, 0.999871074947466]], [[0.9998666684935017, 7.018486370614188e-06, -0.01632927391066431], [-7.018674314160701e-06, 0.999999999975368, 4.57991399002344e-08], [0.016329273910583524, 6.88168219274538e-08, 0.9998666685181334]], [[0.9998623099895761, 7.193834682914232e-06, -0.016594005259737917], [-7.194034016648709e-06, 0.9999999999741218, 4.768063439074773e-08], [0.016594005259651497, 7.170376906099572e-08, 0.9998623100154541]], [[0.9998580880876419, 7.362541765743693e-06, -0.016846472376168597], [-7.3627524171941236e-06, 0.9999999999728937, 4.9518415896194154e-08], [0.01684647237607653, 7.452501655942705e-08, 0.999858088114748]], [[0.9998537407753991, 7.535127694686552e-06, -0.017102543689913888], [-7.535350291026653e-06, 0.9999999999716079, 5.142614761480751e-08], [0.01710254368981581, 7.74550314984506e-08, 0.999853740803791]], [[0.9998495065444536, 7.702160811518066e-06, -0.017348319904014572], [-7.702395324394646e-06, 0.9999999999703352, 5.3298935468591506e-08], [0.01734831990391045, 8.033270378086368e-08, 0.9998495065741182]], [[0.9998409432104343, 8.03691532749991e-06, -0.017835027767845194], [-8.037174786444203e-06, 0.9999999999677003, 5.712960068532396e-08], [0.01783502776772827, 8.622272165050309e-08, 0.9998409432427336]], [[0.9998270575178404, 8.571650007862327e-06, -0.018597176714397947], [-8.571952301170342e-06, 0.9999999999632588, 6.345915312040516e-08], [0.01859717671425861, 9.596593338900168e-08, 0.9998270575545812]], [[0.9997748325677616, 1.0508046293101473e-05, -0.021219897589007327], [-1.0508535503638425e-05, 0.9999999999447815, 8.84532467991653e-08], [0.021219897588765062, 1.3455671718263921e-07, 0.9997748326229795]], [[0.9995571809093123, 1.7795919320803272e-05, -0.029756373702730675], [-1.779760329112199e-05, 0.999999999841601, 2.0826278865198174e-07], [0.02975637370172352, 3.214215686203885e-07, 0.9995571810677081]], [[0.9990220345967978, 3.330758945674386e-05, -0.04421507978694267], [-3.331481290421967e-05, 0.9999999994448973, 5.734981949305079e-07], [0.0442150797815006, 9.000797769036255e-07, 0.9990220351518739]], [[0.9987359461538402, 4.082193353781206e-05, -0.05026438295304182], [-4.08334501164835e-05, 0.9999999991659966, 7.977630396254725e-07], [0.0502643829436874, 1.2557135495555986e-06, 0.9987359469877912]], [[0.998417433631432, 4.866426503061214e-05, -0.05623722835009756], [-4.868139643253178e-05, 0.9999999988144935, 1.0653099892729546e-06], [0.056237228335270506, 1.6740827418599211e-06, 0.9984174348168459]], [[0.9983032942372646, 5.133602395430199e-05, -0.05822825842771567], [-5.135531941142469e-05, 0.999999998680637, 1.1650587419716603e-06], [0.058228258410700964, 1.8272488300299875e-06, 0.9983032955565179]], [[0.9982347702612758, 5.2902833548381214e-05, -0.05939141893063979], [-5.292345292470269e-05, 0.999999998598803, 1.2258101222761538e-06], [0.059391418912269546, 1.919552677906663e-06, 0.9982347716623525]], [[0.9981960447220414, 5.377558507475941e-05, -0.06003876588792941], [-5.379695857740359e-05, 0.9999999985521495, 1.2604144291260012e-06], [0.060038765868781784, 1.971762303441183e-06, 0.9981960461697653]], [[0.9981569872841469, 5.464676140699453e-05, -0.06068464179224939], [-5.4668899476875096e-05, 0.9999999985048167, 1.295506127405507e-06], [0.06068464177230995, 2.02444408858542e-06, 0.9981569887791972]], [[0.9980803191383616, 5.633321907189448e-05, -0.061932813395820914], [-5.635687249640514e-05, 0.99999999841102, 1.3649258101776422e-06], [0.06193281337430159, 2.128034079463682e-06, 0.9980803207271957]], [[0.9978829233708052, 6.056538103464801e-05, -0.0650358945249258], [-6.059306840436124e-05, 0.999999998163044, 1.5467256773409035e-06], [0.06503589449913576, 2.3972732649241688e-06, 0.99788292520758]], [[0.9972480233015513, 7.3962092112582e-05, -0.07413753806549309], [-7.400568083688667e-05, 0.9999999972592488, 2.159135389377628e-06], [0.07413753802199471, 3.3334054805298552e-06, 0.9972480260419572]], [[0.9964033782736473, 9.489128822447929e-05, -0.08473664355076535], [-9.49744861357674e-05, 0.9999999954852745, 3.049317859328706e-06], [0.08473664345755638, 5.009468561382041e-06, 0.9964033827874105]], [[0.9957541555642597, 0.00011885063765676237, -0.09205241740860211], [-0.00011900363811283603, 0.9999999929117449, 3.82683742613718e-06], [0.09205241721093319, 7.143983298615902e-06, 0.9957541626497581]], [[0.9955225699013865, 0.00013149136691958133, -0.09452404734612754], [-0.00013168993331868378, 0.9999999913203227, 4.1372004437439024e-06], [0.09452404706969549, 8.32918907372677e-06, 0.9955225785766608]], [[0.9954829095527019, 0.00013407023959629319, -0.09494081742533919], [-0.00013427871307888459, 0.9999999909758237, 4.192868887777633e-06], [0.09494081713071548, 8.574601462410313e-06, 0.9954829185720675]], [[0.995461327458313, 0.00013554192866002795, -0.0951668385681308], [-0.00013575614070388358, 0.9999999907762163, 4.223523446441644e-06], [0.095166838262797, 8.715128470109188e-06, 0.9954613366770416]], [[0.9954416324249139, 0.0001369313530680734, -0.09537262544756114], [-0.00013715103784951897, 0.9999999905857581, 4.251731262214779e-06], [0.09537262513189551, 8.848104253931741e-06, 0.9954416418338622]], [[0.9954235433597682, 0.00013824964938797263, -0.09556123801966808], [-0.00013847457497140475, 0.9999999904032463, 4.277843049389546e-06], [0.09556123769400074, 8.974536132010934e-06, 0.9954235529509946]], [[0.9953975139477736, 0.00014022401481643288, -0.09583198611920289], [-0.0001404568749569913, 0.9999999901266203, 4.315774925844804e-06], [0.09583198577819263, 9.16434965893747e-06, 0.9953975238152626]], [[0.9953759813277165, 0.00014193327975295326, -0.096055378040811], [-0.00014217308969491179, 0.9999999898839561, 4.3474884186851256e-06], [0.09605537768616391, 9.32910432647187e-06, 0.9953759914375419]], [[0.9953550882562419, 0.00014366493045128272, -0.09627163467257836], [-0.00014391185522998922, 0.9999999896351032, 4.378564880293127e-06], [0.09627163430377907, 9.496402718551293e-06, 0.9953550986145753]], [[0.9953319661497878, 0.00014567505358307692, -0.09651039290620464], [-0.00014593032794715192, 0.9999999893424311, 4.413325664593459e-06], [0.09651039252054998, 9.6910691757685e-06, 0.9953319768003767]], [[0.995310484628645, 0.00014764182571020543, -0.0967316772826594], [-0.00014790536076400335, 0.9999999890521188, 4.44598713292436e-06], [0.09673167688006619, 9.881996017531983e-06, 0.9953104955691212]], [[0.9952867271242481, 0.00014994422112047767, -0.09697581310185731], [-0.00015021753700902735, 0.9999999887072993, 4.4825472127167055e-06], [0.09697581267887057, 1.0106048048740875e-05, 0.9952867384090243]], [[0.9952606695088082, 0.00015264864051804997, -0.09724287339957012], [-0.00015293359118645543, 0.9999999882954288, 4.523214517073881e-06], [0.09724287295184657, 1.0369924337348111e-05, 0.9952606812048131]], [[0.9952414465498234, 0.00015478507824204395, -0.09743941251222729], [-0.0001550793271014975, 0.9999999879648336, 4.553624998033347e-06], [0.09743941204436099, 1.0578882195130293e-05, 0.9952414585758923]], [[0.995223147606701, 0.00015695051102335568, -0.09762613294646634], [-0.00015725427659873167, 0.9999999876250448, 4.5829219727213e-06], [0.0976261324576393, 1.0791096882357626e-05, 0.9952231599719978]], [[0.9952074623959372, 0.0001589260410398335, -0.09778589639455293], [-0.00015923856676219796, 0.9999999873109213, 4.608323866185451e-06], [0.0977858958861227, 1.0985047690317457e-05, 0.9952074750748259]], [[0.9951878845861297, 0.00016157606730441947, -0.09798493897478365], [-0.00016190045618127286, 0.9999999868833546, 4.640434429676722e-06], [0.09798493843933313, 1.1245702194938241e-05, 0.9951878976918416]], [[0.9951541565445484, 0.00016676912062739554, -0.09832688798036014], [-0.00016711710673569794, 0.9999999860249059, 4.6969339560361774e-06], [0.09832688738953622, 1.1757931683895594e-05, 0.9951541705071478]], [[0.9950683148993986, 0.0001901318931852468, -0.09919179670148086], [-0.00019059070348569624, 0.9999999818258288, 4.8503968336180495e-06], [0.09919179582096734, 1.4078558109182079e-05, 0.9950683330522274]], [[0.9952262314167174, 0.0002573057279747798, -0.09759447779994321], [-0.00025810221149579664, 0.9999999666816618, 4.463655584021129e-06], [0.09759447569678158, 2.074700343010065e-05, 0.9952262646686101]], [[0.995749629504261, 0.0003315399536391179, -0.09210084378802395], [-0.0003326944614821267, 0.9999999446532255, 2.8180907040854765e-06], [0.09210083962484902, 2.7835327854956535e-05, 0.9957496846942367]], [[0.996185870136158, 0.0003837040337060517, -0.0872557443113785], [-0.00038507934803611103, 0.9999999258563724, 1.070415066719771e-06], [0.08725573825264371, 3.2534052770473115e-05, 0.9961859440318226]], [[0.9963059697901935, 0.000398045444797322, -0.08587348905976926], [-0.0003994759082579136, 0.999999920209358, 5.261327352470999e-07], [0.08587348241729321, 3.3780200855684005e-05, 0.9963060493038657]], [[0.996364169517495, 0.000405052613438091, -0.08519552592211237], [-0.0004065091163446934, 0.9999999173751343, 2.519130408735165e-07], [0.08519551898488155, 3.4381760834642435e-05, 0.9963642518506187]], [[0.9964172612666334, 0.00041148705583878166, -0.08457228938226087], [-0.0004129669434974253, 0.9999999147291484, -4.3759133212192336e-09], [0.08457228216890914, 3.492992008962121e-05, 0.9964173462318363]], [[0.9964649519925217, 0.0004173058820781745, -0.08400848355609411], [-0.000418806482729102, 0.9999999123005326, -2.396927530769523e-07], [0.08400847608856969, 3.5422142948501866e-05, 0.9964650393734845]], [[0.996510959413152, 0.0004229568903584777, -0.08346094224246742], [-0.00042447721169019395, 0.9999999099094334, -4.713727625805006e-07], [0.08346093452405352, 3.5896996175278636e-05, 0.9965110491724762]], [[0.9965601437358044, 0.0004290386406765098, -0.08287156234903574], [-0.00043057975106221703, 0.9999999073002727, -7.242255410258984e-07], [0.08287155435614381, 3.640455099892468e-05, 0.9965602360903014]], [[0.9968243434136789, 0.0004624513596502739, -0.07963048737563276], [-0.0004640986347709723, 0.9999998923038492, -2.1789021124465427e-06], [0.07963047779209959, 3.912838314805394e-05, 0.9968244506825783]], [[0.9972947716096516, 0.0005282138152682529, -0.07350414624133357], [-0.0005300319343079155, 0.9999998595193947, -5.2287635974325295e-06], [0.07350413315352149, 4.417416341681075e-05, 0.9972949114792683]], [[0.9974030962245245, 0.0005475176669096986, -0.07201919098813413], [-0.000549378676230804, 0.9999998490733324, -6.0318421904899446e-06], [0.07201917681597751, 4.558198589216249e-05, 0.9974032464843295]], [[0.9974374820423737, 0.0005550824045864346, -0.0715413258539598], [-0.0005569600211798104, 0.9999998448779307, -6.296817044146549e-06], [0.071541311261069, 4.612633970740154e-05, 0.997437636476515]], [[0.9974479655080384, 0.0005577139544947539, -0.07139499326611694], [-0.0005595973875478311, 0.9999998434050259, -6.37871830846534e-06], [0.07139497852851966, 4.631489132219378e-05, 0.9974481214079717]], [[0.9974573004237121, 0.0005602734779732437, -0.07126443663931832], [-0.0005621626074162553, 0.9999998419657742, -6.45212928665972e-06], [0.07126442176214139, 4.649792498461745e-05, 0.9974574577561187]], [[0.9974791172703138, 0.000567929642794194, -0.07095835447644928], [-0.0005698361911124493, 0.9999998376213947, -6.625721881706321e-06], [0.07095833919138685, 4.7043657663459136e-05, 0.9974792789279099]], [[0.997488521106276, 0.000574842086715035, -0.07082598267753812], [-0.0005767651796874681, 0.9999998336484938, -6.7017075072938696e-06], [0.07082596704310574, 4.753483694303636e-05, 0.997488686721457]], [[0.9974821804340775, 0.0005824773411169855, -0.0709151636892626], [-0.0005844202643926515, 0.9999998292043544, -6.6496071678424e-06], [0.07091514770401597, 4.8077123376681776e-05, 0.9974823504800258]], [[0.9974510680270312, 0.0005896918075458667, -0.07135137812093251], [-0.0005916558861188681, 0.9999998249512112, -6.392184728835013e-06], [0.07135136186154127, 4.859135433988811e-05, 0.9974512423190584]], [[0.997118774524753, 0.0006077536164388462, -0.07585367580519449], [-0.0006097888045639582, 0.9999998140720565, -3.669724331046928e-06], [0.07585365947158836, 4.991387333552382e-05, 0.9971189597338607]], [[0.9966161160957258, 0.0006186361867732262, -0.08219449150801234], [-0.0006207163460778776, 0.9999998073555606, 2.451937573076986e-07], [0.08219447582538637, 5.07751003999457e-05, 0.9966163081007657]], [[0.9964579040564424, 0.0006217255458755783, -0.08409077777918822], [-0.0006238148480805728, 0.9999998054264777, 1.4292753007799634e-06], [0.0840907623059664, 5.103286310822526e-05, 0.9964580980137446]], [[0.9962968883132121, 0.000624879897177029, -0.08597743814074792], [-0.00062697684073787, 0.9999998034465866, 2.6134634059878867e-06], [0.08597742287468975, 5.130207709457253e-05, 0.9962970842728812]], [[0.9962589873984352, 0.0006256203941197302, -0.08641549996203213], [-0.000627718894232056, 0.9999998029803019, 2.8893072073141243e-06], [0.08641548474408596, 5.1366143821491394e-05, 0.9962591838295318]], [[0.996239934201811, 0.0006259916338582611, -0.0866348754415144], [-0.0006280908800357719, 0.999999802746321, 3.027572710766706e-06], [0.08663486024770171, 5.1398386333140485e-05, 0.9962401308694546]], [[0.9962208583262808, 0.0006263624632992116, -0.08685395277380324], [-0.0006284624315992417, 0.999999802512456, 3.1657346983905397e-06], [0.08685393760412684, 5.14306754292214e-05, 0.9962210552303464]], [[0.9962003900591406, 0.0006267595510569533, -0.08708840350587692], [-0.0006288602672756333, 0.9999998022618727, 3.313685445822961e-06], [0.08708838836206313, 5.146534198510659e-05, 0.9962005872165193]], [[0.9961426033427523, 0.0006278784705223635, -0.08774690638917974], [-0.0006299811588288399, 0.9999998015548949, 3.7297533209937568e-06], [0.08774689131806752, 5.156353160115365e-05, 0.9961428012147346]], [[0.9959921132643925, 0.0006308236148920373, -0.08943887512383807], [-0.0006329306858340862, 0.9999997996878224, 4.802354694902787e-06], [0.08943886023758102, 5.1825501184588635e-05, 0.9959923130226662]], [[0.9956206975903543, 0.0006393185144197519, -0.09348271395425525], [-0.0006414367038367597, 0.9999997942521595, 7.38879225334433e-06], [0.09348269944418046, 5.2606809420296566e-05, 0.995620902825906]], [[0.9951510098883051, 0.0006605878276802112, -0.09835665279456245], [-0.0006627615515302839, 0.9999997803176524, 1.0572291924203049e-05], [0.09835663817126945, 5.4665980838734186e-05, 0.9951512290834081]], [[0.9949517075035359, 0.0006896757286061171, -0.1003524991725941], [-0.0006919722266751758, 0.9999997605160981, 1.1924117290508362e-05], [0.10035248336356035, 5.757722146120295e-05, 0.9949519464650679]], [[0.9949388370694453, 0.0006950325907007812, -0.10047998520897249], [-0.0006973547712175634, 0.9999997567759749, 1.2013104458478778e-05], [0.1004799691193252, 5.811789293281867e-05, 0.9949390797607095]], [[0.9949310643220418, 0.0007000359555986228, -0.10055688541153066], [-0.000702382677190597, 0.9999997532564487, 1.2067182589299044e-05], [0.1005568690472294, 5.862339958333974e-05, 0.994931310522346]], [[0.9949267609683499, 0.0007052314032550086, -0.10059941831190483], [-0.0007076040894620496, 0.9999997495750228, 1.2097305309376808e-05], [0.10059940165069743, 5.9148627022080474e-05, 0.9949270108384629]], [[0.994926666664568, 0.0007134761610947761, -0.10060029283504612], [-0.0007158908811752757, 0.9999997436769112, 1.2097878476243126e-05], [0.10060027568041625, 5.998233039306125e-05, 0.9949269224129688]], [[0.9949555943929548, 0.0007347057082307836, -0.10031363516832027], [-0.0007372318866353146, 0.999999728173875, 1.1887900885562603e-05], [0.1003136166345622, 6.212647703366834e-05, 0.9949558655865057]], [[0.9950816161117316, 0.0007747481353529325, -0.0990554241260908], [-0.0007774894322781036, 0.9999996976953373, 1.0927825287178063e-05], [0.09905540264748651, 6.614046743549535e-05, 0.9950819176524065]], [[0.9953673502495992, 0.0008383406768577557, -0.09614122554299193], [-0.0008414159733288689, 0.999999645972932, 8.554002039292205e-06], [0.09614119867756363, 7.238038853737058e-05, 0.9953677032558506]], [[0.9955275442263242, 0.0008712368094546012, -0.09446771744904807], [-0.0008744757200314302, 0.9999996176207477, 7.111532791979979e-06], [0.09446768752238209, 7.552999847384062e-05, 0.9955279254326818]], [[0.9956081527833449, 0.0008878093041979506, -0.0936141971758684], [-0.0008911277598400458, 0.9999996029253883, 6.354685809348441e-06], [0.09361416564579662, 7.709543283232557e-05, 0.9956085486041398]], [[0.9956399861831565, 0.0008943886685563083, -0.09327495906737639], [-0.000897738152244944, 0.9999995970147233, 6.049926438102237e-06], [0.09327492688992689, 7.771294074255771e-05, 0.995640387881731]], [[0.9956715915766116, 0.0009009447400631399, -0.092936914263278], [-0.0009043248284418842, 0.9999995910817222, 5.744008448563775e-06], [0.09293688143470932, 7.832601302697188e-05, 0.9956719991749957]], [[0.9957019401439228, 0.0009072624507471281, -0.09261114012569294], [-0.0009106717351049375, 0.9999995853235744, 5.44708827937723e-06], [0.09261110666397508, 7.891467131432234e-05, 0.9957023534680707]], [[0.9958886257060163, 0.0009467445704380379, -0.09058117282862334], [-0.0009503297141103836, 0.9999995484303132, 3.5502959552135204e-06], [0.09058113528613496, 8.254628073223007e-05, 0.9958890757123977]], [[0.9961496659406354, 0.0010081186909721613, -0.08766314362375202], [-0.0010119550247176333, 0.9999994879731527, 6.789053461694838e-07], [0.08766309942228616, 8.803486735212453e-05, 0.9961501760560364]], [[0.996248273495485, 0.0010489782012961298, -0.08653483234338309], [-0.0010529701179005813, 0.9999994456266941, -4.858416108246935e-07], [0.08653478386114476, 9.160261149272647e-05, 0.9962488257447354]], [[0.9962054322522235, 0.001071386315349652, -0.08702636893078854], [-0.001075462948226854, 0.9999994216895557, 4.210855055970675e-08], [0.087026318647645, 9.355168654895726e-05, 0.9962060083725018]], [[0.9960667438087636, 0.0010848302990212595, -0.08859946404022397], [-0.0010889574886444075, 0.999999407084082, 1.7530123667456462e-06], [0.08859941340991236, 9.47349325486596e-05, 0.9960673345590129]], [[0.9957970612840245, 0.0010954992353222161, -0.09158063455938206], [-0.0010996596855513089, 0.9999993953614529, 5.030426652707014e-06], [0.0915805846970288, 9.5698247736327e-05, 0.9957976638630799]], [[0.9954529452669658, 0.0011047548106763254, -0.09524816682147795], [-0.0011089298849961877, 0.9999993850956753, 9.098455970965365e-06], [0.09524811830453127, 9.656645389733271e-05, 0.9954535582542691]], [[0.9953925301134563, 0.0011063343458546295, -0.09587745837978684], [-0.0011105107087756214, 0.9999993833347729, 9.800004241771311e-06], [0.09587741009757349, 9.671809325517403e-05, 0.9953931448856335]], [[0.9953634651524128, 0.001107093252039576, -0.09617872213246266], [-0.0011112701214698005, 0.9999993824877965, 1.0136229263705169e-05], [0.09617867396267907, 9.679130795502148e-05, 0.9953640807829781]], [[0.9953458597275434, 0.0011075520883436648, -0.09636074334670655], [-0.0011117292266816187, 0.9999993819754199, 1.0339489997334024e-05], [0.09636069524492237, 9.683568613432914e-05, 0.9953464758773624]], [[0.9953294336244223, 0.0011079795746719119, -0.09653025923962706], [-0.00111215693812895, 0.9999993814978528, 1.0528864950622337e-05], [0.0965302112012218, 9.687710837629592e-05, 0.995330050258201]], [[0.9952945591983966, 0.0011088865283142828, -0.0968891676476652], [-0.0011130642940115779, 0.9999993804840137, 1.0930071005061318e-05], [0.09688911974348546, 9.696523279369673e-05, 0.9952951768595062]], [[0.9952041601306638, 0.0011112564705525387, -0.09781331593600844], [-0.0011154349182163302, 0.999999377830701, 1.1964712536280229e-05], [0.09781326837543049, 9.719705638224215e-05, 0.9952047804794588]], [[0.9949137430937329, 0.001120168342079459, -0.10072432195271495], [-0.0011243513292739662, 0.9999993678007149, 1.5240056505011268e-05], [0.10072427534629948, 9.808698362703682e-05, 0.9949143735727394]], [[0.9946105420864678, 0.0011389485613062665, -0.1036753219107924], [-0.0011431807366507891, 0.9999993463957363, 1.8598492626440895e-05], [0.10367527533088641, 0.00010002137405204266, 0.9946111940288312]], [[0.9944673401722842, 0.0011692589069869947, -0.10503971711147438], [-0.0011736314635190936, 0.9999993110906945, 2.0182286016936525e-05], [0.10503966834695352, 0.00010320729263728176, 0.9944680273535209]], [[0.994477744759703, 0.0012143375322424266, -0.1049406526026471], [-0.0012189631659262148, 0.9999992568629644, 2.005790496461644e-05], [0.10494059897442845, 0.00010797165004791702, 0.9944784859591816]], [[0.994640515777071, 0.0012809733142020749, -0.1033857025355923], [-0.0012859937861496582, 0.9999991729459404, 1.8094688041825516e-05], [0.10338564020883985, 0.0001149556612013538, 0.9946413404793158]], [[0.9948534456634108, 0.0013486824407180555, -0.10131536267481002], [-0.00135409531286314, 0.9999990830947673, 1.534630399773779e-05], [0.10131529047551457, 0.00012192333431860438, 0.9948543597216511]], [[0.9949024358013526, 0.0013640090840379693, -0.10083294462807928], [-0.0013695081314614123, 0.9999990621154606, 1.4685963298278175e-05], [0.1008328700902068, 0.0001234804369397594, 0.9949033707192709]], [[0.9949220280330618, 0.001370157212726334, -0.10063936014505881], [-0.0013756905260713867, 0.9999990536333885, 1.4418890564031214e-05], [0.10063928465947547, 0.00012410294246943985, 0.9949229713843694]], [[0.9949415166401305, 0.0013762848237732878, -0.10044642508589266], [-0.0013818521157494478, 0.9999990451417767, 1.4151522157055189e-05], [0.10044634865032284, 0.00012472216811664722, 0.9949424684341364]], [[0.9950384660551178, 0.0014070107915860775, -0.09948101023776153], [-0.0014127458373824832, 0.9999990019922359, 1.2795773089128572e-05], [0.09948092895873174, 0.00012780909669533186, 0.9950394607476412]], [[0.9951483421933774, 0.0014431060772337587, -0.09837527372890988], [-0.001449032381883757, 0.9999989500892406, 1.1205961148332878e-05], [0.09837518661504215, 0.0001313973635603307, 0.9951493884838613]], [[0.9951957710221555, 0.0014598109573364217, -0.09789405650090267], [-0.0014658235297913575, 0.9999989256249747, 1.0501261118946659e-05], [0.09789396665582928, 0.00013304460079967086, 0.9951968416339233]], [[0.9952050272267217, 0.0014632241760304677, -0.09779986075801211], [-0.001469254193210221, 0.9999989205917864, 1.0362359006818143e-05], [0.09779977035449332, 0.0001333801837464672, 0.9952061028424964]], [[0.9952132229609028, 0.001466303372328849, -0.09771637940902445], [-0.0014723490732372418, 0.9999989160410977, 1.0238983810720926e-05], [0.09771628850194154, 0.0001336826485947575, 0.9952143031010806]], [[0.9952365377590788, 0.0014754354085423041, -0.09747849509657298], [-0.0014815273192506954, 0.999998902488933, 9.885969604434856e-06], [0.0974784026989554, 0.0001345781753733966, 0.9952376313738291]], [[0.9953118111048703, 0.0015181240221909364, -0.09670622514161208], [-0.0015244255427824993, 0.9999988380246673, 8.722399166015288e-06], [0.09670612601304764, 0.0001387399328498394, 0.9953129688441332]], [[0.9952751428346576, 0.0015509501786043418, -0.09708235996067528], [-0.0015574030736244951, 0.99999878720377, 9.308911281690332e-06], [0.09708225665721273, 0.00014193143780085347, 0.9952763512232911]], [[0.9952342790259243, 0.0015589255107281582, -0.09750025440756187], [-0.00156541236188964, 0.9999987746916709, 9.964663344038271e-06], [0.09750015047385595, 0.00014271092900693455, 0.9952354999183379]], [[0.9951808056419396, 0.0015656831672695307, -0.0980444425993564], [-0.001572196856999462, 0.9999987640391933, 1.0822616283569772e-05], [0.09804433836505616, 0.00014337470451762362, 0.9951820371996223]], [[0.9951487023884001, 0.00156878627192191, -0.09836970596100787], [-0.0015753114122435366, 0.9999987591319437, 1.1337001706085231e-05], [0.09836960168251468, 0.0001436809178915166, 0.995149938867081]], [[0.9951399129812393, 0.0015695545109792812, -0.0984585704591898], [-0.001576082380199639, 0.9999987579155253, 1.1477708670312327e-05], [0.09845846618021746, 0.0001437568920818602, 0.9951411506806122]], [[0.9951348998397552, 0.0015699795416867278, -0.09850921932335943], [-0.0015765089010079793, 0.9999987572422775, 1.1557936406994508e-05], [0.0985091150459901, 0.0001437989552147794, 0.9951361382148948]], [[0.9951314985546454, 0.0015702627858487465, -0.09854356836297276], [-0.0015767931301648198, 0.9999987567935162, 1.1612357724270651e-05], [0.09854346408742284, 0.0001438269986816412, 0.9951327373802868]], [[0.995128134131175, 0.0015705390415611225, -0.09857753331395608], [-0.0015770703402695637, 0.9999987563557479, 1.1666180269661454e-05], [0.09857742904076497, 0.00014385435981107317, 0.9951293733963307]], [[0.9951243707865407, 0.001570843599439318, -0.09861551157711711], [-0.0015773759429937454, 0.9999987558730395, 1.1726373847816529e-05], [0.09861540730719974, 0.00014388453517973364, 0.9951256105363852]], [[0.995120928071634, 0.0015711182361440275, -0.09865024129659675], [-0.001577651515208267, 0.9999987554376729, 1.1781428990892649e-05], [0.09865013703024081, 0.00014391175611469374, 0.9951221682586812]], [[0.9951177366937278, 0.0015713695485054964, -0.09868242458428646], [-0.001577903677992615, 0.9999987550392132, 1.1832456115756344e-05], [0.09868232032169871, 0.00014393667376421884, 0.9951189772809568]], [[0.9951033086400276, 0.0015724690209112924, -0.09882779204953994], [-0.0015790068058653163, 0.9999987532952181, 1.2063040276571543e-05], [0.09882768780921614, 0.0001440457849722744, 0.9951045509792595]], [[0.9950885269454404, 0.0015735392337600837, -0.0989764998490669], [-0.0015800804712392715, 0.9999987515964394, 1.2299088977825821e-05], [0.0989763956395511, 0.00014415215219829377, 0.9950897709919934]], [[0.9950711280858925, 0.001574735898640275, -0.0991512494286268], [-0.0015812808671752541, 0.9999987496955417, 1.2576678946936313e-05], [0.0991511452643254, 0.00014427128357958805, 0.9950723740437712]], [[0.9950373952743338, 0.0015768962480846025, -0.09948917232760013], [-0.001583447588691912, 0.9999987462600919, 1.3114058966651635e-05], [0.09948906827356473, 0.00014448691095632097, 0.9950386446888021]], [[0.9950129068227149, 0.0015783584907767623, -0.09973376583296467], [-0.0015849138686799193, 0.9999987439320538, 1.3503478106979921e-05], [0.09973366187390756, 0.00014463329364977658, 0.9950141585811576]], [[0.9949878638806993, 0.00157978118994316, -0.09998327374142989], [-0.0015863402785980668, 0.9999987416648485, 1.3901093830936735e-05], [0.0999831698896485, 0.000144776074674555, 0.9949891179230271]], [[0.9949566005672269, 0.001581475228346546, -0.10029387783084583], [-0.0015880384580357872, 0.9999987389625022, 1.4396574466626957e-05], [0.10029377412433096, 0.00014494656831867385, 0.9949578573331274]], [[0.9948717068994601, 0.0015857659743335041, -0.10113244861946186], [-0.0015923384307818312, 0.9999987321045323, 1.5736899356346956e-05], [0.10113234534912814, 0.00014538088862075662, 0.9948729705822346]], [[0.9947675208053891, 0.0015907178354514844, -0.10215208844662203], [-0.0015972991031935715, 0.9999987241660888, 1.7371520536826242e-05], [0.10215198575071104, 0.0001458868148569696, 0.9947687924994237]], [[0.9947268907354929, 0.0015926130075382232, -0.10254694748282708], [-0.0015991972589197222, 0.999998721121139, 1.800593579487162e-05], [0.10254684501419123, 0.00014608180880597301, 0.9947281655026555]], [[0.9946887072664972, 0.001594387923624531, -0.1029166340792023], [-0.0016009748134422847, 0.9999987182660106, 1.8600613229457158e-05], [0.10291653182404742, 0.00014626511912635128, 0.9946899849150803]], [[0.9946371627854855, 0.0015967790479039098, -0.10341356153450265], [-0.0016033692720270846, 0.9999987144144621, 1.940104820716658e-05], [0.1034134595667108, 0.0001465131233403264, 0.9946384443207928]], [[0.9946160305151027, 0.001597757561870046, -0.10361659625606441], [-0.0016043490773013252, 0.9999987128365849, 1.9728446542547715e-05], [0.10361649440584716, 0.00014661496141700521, 0.994617313642606]], [[0.994603519896107, 0.001598336096767856, -0.10373660655012155], [-0.0016049283546547383, 0.9999987119032143, 1.9922063344224695e-05], [0.10373650476948508, 0.0001466752669510555, 0.9946048039654316]], [[0.9945910010124634, 0.0015989144632197925, -0.10385655580705473], [-0.0016055074478038773, 0.999998710969767, 2.0115653956222903e-05], [0.10385645409602447, 0.00014673562545600692, 0.9945922860236724]], [[0.994559627496219, 0.0016003628311668245, -0.10415654660139895], [-0.0016069575731854616, 0.9999987086306624, 2.0600136995828282e-05], [0.10415644506452194, 0.00014688708678988082, 0.9945609148675827]], [[0.9944897010436651, 0.0016036050241414004, -0.1048220538605627], [-0.0016102034669458008, 0.9999987033866206, 2.1676549455376004e-05], [0.10482195270750884, 0.00014722772935998006, 0.9944909937053822]], [[0.9944514903996651, 0.0016054033343820353, -0.1051839147805274], [-0.0016120037796571063, 0.999998700473247, 2.226278536700113e-05], [0.10518381383196604, 0.0001474176081055351, 0.9944527859995914]], [[0.9944167759217034, 0.001607068313054783, -0.10551157805407106], [-0.0016136706521132306, 0.9999986977728774, 2.279420958880379e-05], [0.10551147728588435, 0.00014759399256388173, 0.994418074244179]], [[0.9943786851364427, 0.0016089452157812508, -0.10586992891350482], [-0.00161554980756519, 0.9999986947253376, 2.3376064227285797e-05], [0.10586982833497582, 0.00014779348328201267, 0.9943799865302735]], [[0.9943568551122296, 0.001610051851670976, -0.10607474926149964], [-0.0016166578608868812, 0.9999986929267691, 2.3708949586728034e-05], [0.10607464878667261, 0.00014791142069498715, 0.9943581583179842]], [[0.9943410374294185, 0.0016108708532049684, -0.10622290894821487], [-0.0016174779652660678, 0.9999986915948613, 2.394989525221431e-05], [0.10622280854580318, 0.00014799885094764006, 0.9943423419766049]], [[0.9943253992164769, 0.0016116966949807619, -0.10636918215957071], [-0.001618304971815266, 0.9999986902511243, 2.418789792015869e-05], [0.10636908182620912, 0.00014808713508993846, 0.9943267051166771]], [[0.9942915570488841, 0.0016135478703388163, -0.10668503199190815], [-0.0016201589761613367, 0.9999986872364837, 2.4702256914507235e-05], [0.10668493179796447, 0.00014828546672245155, 0.9942928659832684]], [[0.9942286162897379, 0.0016172905458066102, -0.1072699535211153], [-0.001623908442829249, 0.9999986811306877, 2.565647357364825e-05], [0.10726985354003765, 0.00014868818297368382, 0.9942299313638977]], [[0.994202724267185, 0.0016189766821573686, -0.10750963668782926], [-0.001625598154662781, 0.9999986783751931, 2.6048163177138978e-05], [0.10750953677179526, 0.0001488703122241782, 0.9942040421097078]], [[0.9941772748024539, 0.0016207391116157981, -0.10774469582135777], [-0.0016273646774819098, 0.9999986754918819, 2.6432714433252562e-05], [0.10774459595316763, 0.0001490611081736711, 0.9941785955401636]], [[0.9941131506014774, 0.0016257732848646504, -0.10833466974597346], [-0.001632412523487639, 0.9999986672384107, 2.7399920166394418e-05], [0.10833456990774508, 0.0001496082506672204, 0.9941144796183249]], [[0.9940290649485395, 0.001634319994290548, -0.10910337777643353], [-0.0016409885391497783, 0.9999986531665482, 2.866538182979944e-05], [0.10910327768076133, 0.00015054316982581977, 0.9940304080573221]], [[0.9940094538760059, 0.0016367976556319597, -0.1092818672291873], [-0.0016434759312071317, 0.9999986490731709, 2.89602629630214e-05], [0.10928176699947148, 0.00015081534334539449, 0.994010801079517]], [[0.9939920044409495, 0.001639220669440697, -0.10944043160367689], [-0.0016459089253982103, 0.9999986450640059, 2.922262350817447e-05], [0.10944033122122541, 0.00015108192906883894, 0.9939933556533348]], [[0.9939745418569463, 0.0016418951743287166, -0.10959887922350663], [-0.0016485949370054645, 0.9999986406317544, 2.9485202816972916e-05], [0.10959877864988271, 0.0001513766164366129, 0.9939758974995881]], [[0.993942892247245, 0.00164758011699958, -0.10988545143684068], [-0.0016543058587014134, 0.9999986311862862, 2.9961308604721055e-05], [0.10988535038778419, 0.0001520043163767484, 0.993944257326023]], [[0.9938946029880218, 0.0016598121242556803, -0.11032118192592605], [-0.0016665994200478463, 0.9999986107513135, 3.068902442773594e-05], [0.11032107960038384, 0.00015335956207585937, 0.9938959884631732]], [[0.9938834416930817, 0.0016637932607172143, -0.11042162889053414], [-0.001670601919704948, 0.9999986040675413, 3.085765501480937e-05], [0.11042152609015674, 0.00015380167284158658, 0.99388483383514]], [[0.9938738214938299, 0.001667897872471841, -0.11050812220138613], [-0.0016747291151472934, 0.9999985971596119, 3.100321480813172e-05], [0.11050801888632517, 0.00015425788613977076, 0.9938752205246199]], [[0.993864695775894, 0.0016727111829941072, -0.11059009238682603], [-0.0016795695482182856, 0.9999985890371736, 3.11415310704656e-05], [0.11058998843910404, 0.0001547932832130188, 0.9938661029045189]], [[0.9938471235027022, 0.0016901672732859462, -0.1107476340448483], [-0.0016971286025821615, 0.9999985593829569, 3.140887436200364e-05], [0.11074752758617082, 0.00015673735797746896, 0.9938485601808197]], [[0.9938456935054355, 0.001694998124338634, -0.11076039223746584], [-0.001701988954931353, 0.9999985511218051, 3.143068728861794e-05], [0.11076028503410473, 0.00015727571103510874, 0.9938471384121665]], [[0.9938454243770627, 0.0016977156766470993, -0.11076276546202796], [-0.0017047232568832458, 0.9999985464641806, 3.143475401123425e-05], [0.11076265783165565, 0.00015757857584812422, 0.9938468739225362]], [[0.9938454954355143, 0.001700246408776649, -0.11076208905228123], [-0.0017072696787103618, 0.9999985421200241, 3.143359233524859e-05], [0.11076198101930207, 0.0001578606220506162, 0.9938469493072066]], [[0.9938459555023184, 0.0017032335030351979, -0.11075791499417469], [-0.0017102753979173781, 0.9999985369841518, 3.142641475720318e-05], [0.11075780648011231, 0.00015819352194555703, 0.9938474144882912]], [[0.9938473711667937, 0.0017077483065158305, -0.11074514177657618], [-0.001714818551923597, 0.9999985292044672, 3.140440172938669e-05],