{"b2imat": [[[0.9945366310757143, 0.0019142827668587905, -0.10437061353684295], [-0.001922263894816196, 0.9999981521581759, 2.4119543736908743e-05], [0.10437046684808494, 0.00017664009231049908, 0.9945384730859791]], [[0.9945423138367763, 0.0019168285205616213, -0.10431640214565532], [-0.0019248249331408655, 0.9999981472344193, 2.4014693179142383e-05], [0.1043162549038647, 0.00017690718326504205, 0.9945441607423375]], [[0.9945484451014728, 0.0019195768026182053, -0.10425788013930566], [-0.0019275896928848766, 0.9999981419116244, 2.390134941601962e-05], [0.10425773229942639, 0.00017719536526102311, 0.9945502972990274]], [[0.9945559026776881, 0.0019229219636000053, -0.10418665375224909], [-0.0019309548780698754, 0.9999981354225467, 2.3763181609468786e-05], [0.1041865051829074, 0.00017754591475658334, 0.9945577613267217]], [[0.9945684424573448, 0.0019285532034642992, -0.10406677640108207], [-0.0019366197466758623, 0.9999981244733869, 2.3530096852946697e-05], [0.10406662660011703, 0.00017813548237333144, 0.9945703119919788]], [[0.9946129296558887, 0.0019486172286842824, -0.1036403543617375], [-0.001956802765683764, 0.9999980852020929, 2.2695464089284453e-05], [0.1036402001361762, 0.00018023053002375, 0.9946148382327149]], [[0.994720681621997, 0.001998514518118383, -0.10260005600968898], [-0.002006990127819762, 0.9999979857806341, 2.062284174628696e-05], [0.10259989056571783, 0.00018540333232636158, 0.9947226890352446]], [[0.9948489428951033, 0.0020683240233061156, -0.10134743635741779], [-0.0020771895691947613, 0.9999978424764483, 1.80538729729816e-05], [0.1013472550391961, 0.00019255696122368518, 0.9948510927861656]], [[0.9948824116294882, 0.0020977348854504855, -0.10101775358141085], [-0.0021067579695930147, 0.999997780632262, 1.736110965441677e-05], [0.10101756580487294, 0.00019554769478623033, 0.9948846230392487]], [[0.9948893165148109, 0.0021229005997986175, -0.10094920097616714], [-0.002132054123559718, 0.9999977270218349, 1.7215636321488374e-05], [0.10094900806792219, 0.0001981015075578078, 0.9948915812920955]], [[0.9948274855078912, 0.00215768981627499, -0.10155598678914639], [-0.002167011804161725, 0.9999976518554806, 1.8530128719014804e-05], [0.10155578830328263, 0.00020163874079583998, 0.9948298252484851]], [[0.9946532621493295, 0.0021833737931654727, -0.10324786184053529], [-0.0021927964855566924, 0.9999975955715583, 2.224129168543807e-05], [0.10324766214949313, 0.00020427917525658642, 0.9946556582711167]], [[0.9944294707886754, 0.002200375387107537, -0.10538114620350988], [-0.0022098384678972617, 0.9999975579404577, 2.69641734108975e-05], [0.10538094818777972, 0.00020606134197693798, 0.9944319048068714]], [[0.994307626513054, 0.0022081490816555135, -0.10652449453372127], [-0.002217623698543862, 0.9999975406341335, 2.950959612361437e-05], [0.10652429771260304, 0.0002068896270729256, 0.9943100779905499]], [[0.9941848936590915, 0.00221584312317976, -0.1076637694833742], [-0.0022253269749798518, 0.9999975234430957, 3.205510598282987e-05], [0.10766357387700867, 0.00020771838832716355, 0.9941873624791031]], [[0.9941397391451724, 0.002218676608627547, -0.1080798617991789], [-0.002228163480289609, 0.9999975170965966, 3.298707771051432e-05], [0.10807966663497988, 0.00020802583618595511, 0.9941422143664244]], [[0.994112657833042, 0.002220374903406095, -0.10832863643316148], [-0.002229863480585211, 0.9999975132887078, 3.354487608424791e-05], [0.10832844153331897, 0.00020821068436367653, 0.9941151368947803]], [[0.9940878172721139, 0.0022219302670908672, -0.10855631983955223], [-0.002231420329669042, 0.9999975097986579, 3.4055770363787144e-05], [0.10855612518200579, 0.000208380352578143, 0.9940902998536661]], [[0.9940622169384494, 0.0022235324335627624, -0.10879046262879295], [-0.002233023958162798, 0.9999975062009501, 3.458154419956364e-05], [0.1087902682204257, 0.00020855550297810486, 0.9940647031482329]], [[0.9939996330647662, 0.0022274692243985346, -0.10936072351634829], [-0.0022369641728703597, 0.9999974973494097, 3.586372404341776e-05], [0.10936052971001058, 0.0002089874918863277, 0.9940021281998488]], [[0.9938332885335643, 0.0022386334164435848, -0.11086200035647477], [-0.0022481399658293706, 0.9999974721598394, 3.9250800078987476e-05], [0.11086180798321064, 0.00021022454197355323, 0.9938358090431169]], [[0.9936085020196866, 0.002259690477446702, -0.11285848888368903], [-0.0022692468381968222, 0.9999974242974371, 4.378674206234134e-05], [0.11285829713827403, 0.00021259688987313572, 0.9936110705751927]], [[0.9934152509464937, 0.002299467949738698, -0.11454628598964853], [-0.002309206968196367, 0.9999973326418276, 4.766978159509362e-05], [0.1145460900688114, 0.00021715519374140773, 0.9934179110996182]], [[0.9933813814315059, 0.002314202890596434, -0.11483934643741904], [-0.002324025643678854, 0.9999972982797448, 4.8353060511905534e-05], [0.11483914807242307, 0.00021885655597507728, 0.9933840758597691]], [[0.9933728386002681, 0.002319054503706008, -0.11491312160677632], [-0.002328905992502847, 0.9999972869173802, 4.852583617616954e-05], [0.11491292237204222, 0.0002194176098984101, 0.9933755443576154]], [[0.9933655532895571, 0.0023237835749870066, -0.11497598691721693], [-0.0023336635424695343, 0.9999972758189762, 4.867336800310911e-05], [0.11497578680818828, 0.00021996482179024212, 0.9933682701109768]], [[0.9933595898803735, 0.002328203705105253, -0.11502740829977377], [-0.0023381106723596085, 0.9999972654250618, 4.879428260113529e-05], [0.11502720735173536, 0.00022047654240535004, 0.993362317062065]], [[0.9933557324554839, 0.0023314130104609416, -0.11506065057682792], [-0.002341339794620044, 0.9999972578659588, 4.8872579579334804e-05], [0.11506044900726904, 0.00022084822290433342, 0.9933584671709742]], [[0.993352186672254, 0.002334679923462285, -0.11509119211766658], [-0.0023446270522561497, 0.9999972501604243, 4.894461577458038e-05], [0.11509098990536348, 0.00022122668140893168, 0.9933549290668056]], [[0.9933485771473403, 0.002338412402656808, -0.11512226590346888], [-0.002348382974728777, 0.9999972413435138, 4.9018017425914746e-05], [0.11512206294502324, 0.00022165919139424317, 0.9933513283277192]], [[0.9933446690036823, 0.002343095764580456, -0.11515588766607694], [-0.0023530960323078446, 0.9999972302604093, 4.909758053190522e-05], [0.11515568375458876, 0.0002222020424805401, 0.9933474312269724]], [[0.9933416104232771, 0.0023474503456518622, -0.11518217951803382], [-0.0023574784831677893, 0.9999972199353874, 4.9159918692056234e-05], [0.11518197470460066, 0.0002227069170552435, 0.9933443829330979]], [[0.9933384913313053, 0.002352920301041302, -0.11520896408553775], [-0.0023629837710276553, 0.9999972069384689, 4.9223557228701244e-05], [0.11520875811891923, 0.0002233412583344691, 0.9933412767882637]], [[0.9933352309942707, 0.002360959462057796, -0.11523690700438316], [-0.0023710754501235563, 0.9999971877818918, 4.929013385503742e-05], [0.11523669930507448, 0.0002242737746465858, 0.9933380355319659]], [[0.9933328064122003, 0.0023749598439170897, -0.1152575171993627], [-0.0023851687259863075, 0.999997154263835, 4.933943742092389e-05], [0.11525730638606033, 0.00022589814361757726, 0.9933356443290544]], [[0.9933331911654947, 0.002384689203936363, -0.11525400030512968], [-0.0023949635349729877, 0.9999971308539448, 4.9330964476250096e-05], [0.1152537872635878, 0.00022702704362303992, 0.9933360523911735]], [[0.9933350797314705, 0.002394675268810134, -0.11523751518142669], [-0.002405017402874906, 0.9999971067266527, 4.929112460044569e-05], [0.1152372998040325, 0.00022818562628930836, 0.9933379649772551]], [[0.9933380161154074, 0.002403956733716201, -0.11521200775912471], [-0.002414362367876048, 0.9999970842111681, 4.92292401321599e-05], [0.11521179017020253, 0.00022926226013227885, 0.9933409237741856]], [[0.9933727996908851, 0.002459614124573966, -0.11491053534210811], [-0.0024704068305334186, 0.9999969473648919, 4.848699582024144e-05], [0.11491030382147345, 0.00023571010862179873, 0.9933758435337352]], [[0.9934687974140815, 0.0025567989847860365, -0.11407546337188794], [-0.0025682750895721237, 0.999996700901121, 4.636742057357435e-05], [0.11407520557782849, 0.00024691258535162477, 0.9934720864254274]], [[0.9935166974070359, 0.0026005555631142883, -0.11365653999713482], [-0.0026123374449817326, 0.9999965868157923, 4.52751428816101e-05], [0.11365626980695213, 0.00025192762486983983, 0.9935200998802096]], [[0.9935243869721779, 0.002607539926377234, -0.11358914220571921], [-0.0026193703995424436, 0.999996568426566, 4.5097690274107146e-05], [0.11358887001026445, 0.0002527263817182642, 0.9935278077331846]], [[0.9935319496218535, 0.0026144085988444483, -0.11352281686171138], [-0.0026262867954426677, 0.9999965502938637, 4.4922597072852254e-05], [0.11352254268737755, 0.00025351143945213044, 0.9935353884153716]], [[0.9935387540468908, 0.002620590044395424, -0.11346310728475403], [-0.002632511135378971, 0.9999965339346204, 4.47645752106553e-05], [0.11346283132380618, 0.00025421755310021054, 0.9935422091090855]], [[0.9935528879016211, 0.0026334385630793224, -0.11333897804208332], [-0.0026454486464533972, 0.9999964998073746, 4.443487266738562e-05], [0.11333869835033546, 0.00025568404998824835, 0.9935563769016124]], [[0.9935700095848128, 0.0026490231966889207, -0.11318842135871991], [-0.0026611409203959957, 0.9999964581887841, 4.403281275867458e-05], [0.11318813711064207, 0.00025746065759666033, 0.993573539971437]], [[0.993585386125717, 0.0026630463036811896, -0.11305303473031995], [-0.0026752605950956503, 0.9999964205304663, 4.3669239260155076e-05], [0.11305274635363267, 0.0002590572110165168, 0.9935889539599376]], [[0.9936902578601519, 0.0027628218085903452, -0.11212510088931898], [-0.0027757140736851304, 0.9999961468526397, 4.112486292328996e-05], [0.11212478247545066, 0.0002703618449082063, 0.9936940978285352]], [[0.9937562934308887, 0.002852535517014448, -0.11153605832899788], [-0.0028660176039276603, 0.9999958921847211, 3.9456014532651615e-05], [0.11153571270915616, 0.0002804546438869833, 0.9937603866806107]], [[0.993748310767503, 0.0029276779598920977, -0.11160521290881777], [-0.0029416288355546957, 0.9999956726139543, 3.96630618421797e-05], [0.11160484607064879, 0.00028888601178393524, 0.9937526225768382]], [[0.9936623667275937, 0.0029843930427845807, -0.1123663399217816], [-0.002998671248717622, 0.9999955030957003, 4.194185036973748e-05], [0.11236595979207092, 0.00029527367454259374, 0.9936668475366367]], [[0.993471333757913, 0.003042550737363786, -0.11404144810611021], [-0.0030571297171629887, 0.999995325861118, 4.70511254161159e-05], [0.11404105821597979, 0.00030189555566900093, 0.9934759916071989]], [[0.9933776909354982, 0.0030641372510741985, -0.11485370788276195], [-0.0030788194991231907, 0.9999952591959241, 4.955973871309404e-05], [0.11485331524167704, 0.0003043822965673362, 0.9933824154520089]], [[0.9933439132204225, 0.003071528700093059, -0.11514528118527748], [-0.00308624563402412, 0.9999952362592618, 5.046453319783854e-05], [0.11514488766627275, 0.0003052379844484294, 0.9933486606795966]], [[0.9933098778085817, 0.0030788472059936484, -0.11543832703065725], [-0.0030935982474871913, 0.9999952134937338, 5.1376107257106026e-05], [0.11543793266356585, 0.00030608741137052816, 0.9933146480409482]], [[0.9932781387141872, 0.0030855872477028147, -0.11571092560199739], [-0.0031003695440854294, 0.9999951924790089, 5.222604148942337e-05], [0.11571053046730129, 0.00030687164436881374, 0.9932829299694139]], [[0.9931893852672976, 0.0031041852652328324, -0.1164697773075094], [-0.003119053356462156, 0.999995134250556, 5.460193597696447e-05], [0.11646938008928034, 0.0003090453866074924, 0.9931942347760693]], [[0.9930726036015458, 0.0031284566733548787, -0.11746070293823518], [-0.003143436480128635, 0.9999950577251763, 5.7726217487423276e-05], [0.1174603030091306, 0.00031190393349876905, 0.9930775296686526]], [[0.9930333368036675, 0.00313659912125658, -0.11779199354107538], [-0.0031516164158855524, 0.9999950319173181, 5.877625780720071e-05], [0.11779159269827079, 0.00031286839708629353, 0.9930382886892252]], [[0.9930033383277566, 0.003142808530917587, -0.1180444527469343], [-0.0031578544063390513, 0.9999950121905479, 5.9578299321749696e-05], [0.11804405120688449, 0.00031360574512987295, 0.9930083099480875]], [[0.9929764289345776, 0.0031483725093645995, -0.11827044994727216], [-0.003163443994856448, 0.9999949944806151, 6.029763969185647e-05], [0.11827004778167348, 0.00031426780971773716, 0.9929814182719224]], [[0.992911546302324, 0.0031618123591112234, -0.1188135689304374], [-0.0031769458271976407, 0.9999949515708983, 6.203166178530519e-05], [0.11881316524103323, 0.0003158723188025351, 0.9929165785653593]], [[0.992773373543038, 0.0031912103931470213, -0.11996184793531878], [-0.0032064817904516574, 0.9999948570642909, 6.572286757032505e-05], [0.11996144071474535, 0.00031940756799429744, 0.9927785003314196]], [[0.9924917334712811, 0.003265923882362054, -0.12226811821594484], [-0.003281588793865616, 0.9999946128899633, 7.32532571507579e-05], [0.1222676987837, 0.000328530434403711, 0.9924971042283168]], [[0.9924135354368591, 0.003296184376242206, -0.12290040622379755], [-0.0033120319574928524, 0.9999945123680436, 7.535323814286572e-05], [0.12289998016976715, 0.00033226849952133796, 0.9924190065046204]], [[0.9923799084752153, 0.0033119472349665484, -0.12317121522473765], [-0.0033278948160283795, 0.9999944596349692, 7.62591536120072e-05], [0.12317078537753694, 0.00033422279673968276, 0.9923854321403079]], [[0.9923679849993038, 0.0033180827177250664, -0.12326707863498039], [-0.0033340700316946232, 0.9999944390407304, 7.658092416301794e-05], [0.12326664725361776, 0.0003349846153616381, 0.9923735292015111]], [[0.9923564873209781, 0.00332431979254215, -0.12335943810503018], [-0.0033403479339058958, 0.9999944180661082, 7.689151662552854e-05], [0.12335900513279231, 0.00033575964884988206, 0.99236205243742]], [[0.9923335966672825, 0.003337829870088225, -0.12354307676610568], [-0.0033539478685943023, 0.9999943724970429, 7.75108991336839e-05], [0.1235426402452702, 0.00033744036967226437, 0.9923392072144119]], [[0.9923086441932345, 0.003354613474585219, -0.12374288354294671], [-0.003370845584033777, 0.9999943156271952, 7.818788568000332e-05], [0.12374244243239954, 0.00033953163770613536, 0.992314311424981]], [[0.9922837229746901, 0.003374259016429603, -0.1239420328027614], [-0.0033906277804948053, 0.9999942486951393, 7.886632616343959e-05], [0.12394158608975782, 0.0003419835278404959, 0.9922894569048514]], [[0.9922410736775749, 0.0034187107868611033, -0.12428179320975186], [-0.003435398781698479, 0.9999940957974177, 8.00344618295742e-05], [0.12428133303954539, 0.0003475440406343485, 0.9922469599201382]], [[0.9922011297483311, 0.003488658214132049, -0.12459834424944895], [-0.0035058686117544957, 0.9999938511318478, 8.1140448208744e-05], [0.12459786118194927, 0.0003563177797910264, 0.9922072596117345]], [[0.9921739373544559, 0.0036221446408841052, -0.12481088935843263], [-0.0036403882705505633, 0.9999933704106735, 8.190201761808381e-05], [0.12481035857444685, 0.0003730990503506568, 0.9921805456615764]], [[0.9921731748131298, 0.003634147570977044, -0.12481660207021], [-0.0036524853299922705, 0.9999933262974977, 8.192301159084675e-05], [0.12481606680165397, 0.0003746089934912249, 0.992179827015221]], [[0.9921728357220612, 0.003640543365218929, -0.12481911111258616], [-0.0036589313287373067, 0.9999933027318915, 8.193225608518839e-05], [0.12481857344346521, 0.00037541359720848043, 0.9921795113727435]], [[0.9921725398041236, 0.003646931152059915, -0.1248212768380985], [-0.0036653692872040864, 0.9999932791543067, 8.194024968977747e-05], [0.12482073676400679, 0.00037621720885571824, 0.9921792389150204]], [[0.9921722699067601, 0.003653694016926702, -0.12482322439267478], [-0.0036721852999568334, 0.9999932541471154, 8.194745100816347e-05], [0.12482268176447786, 0.000377068021218795, 0.9921789939000513]], [[0.9921720022716489, 0.0036617497559842064, -0.12482511564856605], [-0.003680304384689491, 0.9999932242985959, 8.195445827721718e-05], [0.12482456996757225, 0.0003780815014674399, 0.9921787559641033]], [[0.9921717887001339, 0.0036697878961032488, -0.12482657715430902], [-0.0036884057689608608, 0.9999931944495722, 8.195988519215293e-05], [0.12482602841613809, 0.00037909278139348007, 0.9921785720918405]], [[0.9921714849777077, 0.0036873157787322285, -0.12482847471296162], [-0.003706071671606633, 0.9999931291334869, 8.196695383083564e-05], [0.124827919271217, 0.000381297999632778, 0.9921783333564289]], [[0.9921713703786662, 0.0037032329475346075, -0.12482891438421688], [-0.0037221142854766778, 0.9999930695491814, 8.196859823285289e-05], [0.12482835281237861, 0.00038330058902397683, 0.9921782780400374]], [[0.9921713835996244, 0.003720683693024897, -0.1248282903774204], [-0.003739702653491497, 0.9999930039283258, 8.196625024607838e-05], [0.12482772204024459, 0.0003854961208307682, 0.9921783565481921]], [[0.9921716845285105, 0.0037533937630176754, -0.12482491920607809], [-0.0037726708602062483, 0.9999928800937569, 8.195348113336247e-05], [0.12482433806804145, 0.00038961141187795437, 0.9921787806784169]], [[0.992171807996378, 0.003762204535178563, -0.12482367257023039], [-0.00378155118912888, 0.9999928465519181, 8.194873521873874e-05], [0.12482308795847254, 0.00039071988264504455, 0.9921789375158958]], [[0.9921718844025168, 0.0037672515197355737, -0.12482291302814584], [-0.0037866380202745582, 0.9999928273029673, 8.194583834972928e-05], [0.12482232642179199, 0.0003913548314100551, 0.992179033072023]], [[0.9921719223426918, 0.0037696730317322478, -0.12482253834835856], [-0.003789078651088452, 0.9999928180582545, 8.194440791692693e-05], [0.1248219507837842, 0.0003916594744929125, 0.992179080209351]], [[0.9921719396914884, 0.0037707642248864482, -0.12482236748946844], [-0.003790178459782708, 0.9999928138904116, 8.19437553164844e-05], [0.12482177949283754, 0.00039179675389035225, 0.9921791017045422]], [[0.9921719571848535, 0.0037718550165029693, -0.12482219548380705], [-0.0037912778638448403, 0.9999928097228936, 8.194309814530059e-05], [0.12482160705511826, 0.0003919339825803063, 0.9921791233439746]], [[0.9921719701229684, 0.003772655931748473, -0.1248220684382936], [-0.003792085102836963, 0.9999928066621182, 8.194261262849437e-05], [0.12482147969226379, 0.0003920347428121612, 0.9921791393271082]], [[0.9921719818742151, 0.003773379261103358, -0.12482195316702095], [-0.0037928141433801734, 0.9999928038972848, 8.194217201886672e-05], [0.12482136413431734, 0.00039212574215582654, 0.9921791538289532]], [[0.9921719948116231, 0.0037741712454421165, -0.12482182638713626], [-0.0037936123810206807, 0.9999928008694171, 8.194168732147081e-05], [0.12482123704046857, 0.00039222537862652874, 0.9921791697786376]], [[0.9921720531114814, 0.0037776880139982843, -0.12482125659318746], [-0.003797156917471582, 0.9999927874166196, 8.193950766878039e-05], [0.12482066585136259, 0.0003926678083562881, 0.9921792414619961]], [[0.9921721077636846, 0.003780916170270404, -0.12482072443455287], [-0.0038004105633229713, 0.9999927750568003, 8.193747016152019e-05], [0.12482013241061454, 0.0003930739271783699, 0.9921793084103153]], [[0.9921721842478459, 0.003785340776775998, -0.12481998237360815], [-0.003804870107284718, 0.9999927580988689, 8.193462610262572e-05], [0.1248193885901178, 0.0003936305627700234, 0.9921794017649512]], [[0.9921723189069963, 0.0037929231982498646, -0.12481868180689759], [-0.0038125124022603835, 0.9999927289919247, 8.192963354395217e-05], [0.12481808500206189, 0.00039458445791273547, 0.9921795653807888]], [[0.9921724474975488, 0.0037999814441472103, -0.12481744496437046], [-0.0038196263835938824, 0.9999927018446703, 8.192487641714728e-05], [0.12481684534027943, 0.0003954724007636012, 0.9921797209782954]], [[0.9921726018563372, 0.00380829340998159, -0.12481596463039343], [-0.0038280039853782, 0.9999926698105024, 8.191917122119698e-05], [0.12481536167796026, 0.0003965180527821707, 0.9921799072055032]], [[0.992173058144977, 0.0038323599075650956, -0.12481160085692626], [-0.0038522605229304825, 0.9999925766628864, 8.190228140529492e-05], [0.12481098821735699, 0.0003995455657646024, 0.9921804561586742]], [[0.9921735353065136, 0.0038573458538674727, -0.12480703794267238], [-0.003877443757918284, 0.9999924793341352, 8.18845073022461e-05], [0.12480641516750714, 0.0004026886291088358, 0.9921810301424792]], [[0.9921739664365542, 0.003880091176550162, -0.12480290548582093], [-0.0039003686628833038, 0.9999923901819816, 8.186830989576428e-05], [0.12480227341492886, 0.0004055497358295981, 0.9921815499592624]], [[0.9921741726313557, 0.0038911800899447554, -0.12480092099210746], [-0.0039115451202854645, 0.9999923465275272, 8.186049743818804e-05], [0.12480028436563183, 0.00040694456218753753, 0.9921817995801314]], [[0.9921742103998012, 0.003893238051832797, -0.12480055654799156], [-0.003913619328604949, 0.9999923384120721, 8.185906027389188e-05], [0.12479991907436243, 0.00040720342182620957, 0.9921818454215402]], [[0.9921742444274783, 0.003895101133451628, -0.12480022789085181], [-0.003915497117998857, 0.9999923310614061, 8.185776357894015e-05], [0.12479958964983526, 0.000407437767893426, 0.9921818867613867]], [[0.9921742785234713, 0.0038969772411961458, -0.12479989825515266], [-0.003917388036162793, 0.9999923236557834, 8.185646239716066e-05], [0.1247992592409464, 0.00040767375180833574, 0.9921819282242095]], [[0.9921743635512437, 0.0039017017459878054, -0.12479907465544583], [-0.003922149836378336, 0.9999923049907498, 8.185320861746051e-05], [0.12479843369221884, 0.00040826801506602215, 0.9921820318192041]], [[0.9921745473081777, 0.00391219946710776, -0.12479728510199174], [-0.003932730421810492, 0.9999922634363931, 8.1846124873754e-05], [0.12479663979822363, 0.0004095884377750687, 0.992182256912545]], [[0.9921746937129473, 0.003920958027332705, -0.12479584625881003], [-0.003941558111901475, 0.9999922286807015, 8.18404153023863e-05], [0.12479519732327489, 0.00041069009115769073, 0.9921824378905229]], [[0.9921748263030462, 0.003929335485974301, -0.12479452861742077], [-0.003950001686121531, 0.9999921953643854, 8.183517521914111e-05], [0.12479387619945613, 0.00041174379768967766, 0.9921826036218571]], [[0.9921750485493824, 0.003944943114255901, -0.12479226922987421], [-0.003965732471324442, 0.9999921331042783, 8.182616271147907e-05], [0.12479161030166237, 0.000413706877284958, 0.9921828878007446]], [[0.9921750982536733, 0.003948859640266705, -0.12479175017820907], [-0.003969679897282633, 0.9999921174420984, 8.182408703195514e-05], [0.12479108961184744, 0.0004141994804293612, 0.9921829530847451]], [[0.9921751451804601, 0.003952777332926973, -0.12479125304753755], [-0.0039736284970188895, 0.9999921017596648, 8.182209703687546e-05], [0.12479059084075966, 0.00041469222827251453, 0.9921830156113625]], [[0.9921751971648036, 0.0039574431141041625, -0.12479069185907701], [-0.003978331084155664, 0.9999920830623096, 8.181984817957212e-05], [0.1247900276963399, 0.00041527906442735175, 0.9921830861945453]], [[0.9921752824010153, 0.0039662244406994465, -0.12478973537850399], [-0.003987181673055501, 0.9999920478126046, 8.1816008808808e-05], [0.12478906752779692, 0.0004163835242324699, 0.9921832064946428]], [[0.9921753663092759, 0.003977791041237515, -0.1247887000780592], [-0.003998839484607371, 0.9999920012628094, 8.181184250819092e-05], [0.12478802735645701, 0.0004178382862866255, 0.9921833367071521]], [[0.992175387317006, 0.0039818685524327995, -0.12478840300631196], [-0.004002949143992502, 0.9999919848204629, 8.181064459514356e-05], [0.12478772856409058, 0.000418351122997124, 0.9921833740704589]], [[0.9921754030535029, 0.003985821043127395, -0.12478815170486651], [-0.004006932794020294, 0.9999919688661347, 8.180963022290334e-05], [0.12478747559306094, 0.00041884823452199887, 0.9921834056770729]], [[0.992175417512881, 0.003991671525512414, -0.12478784973409249], [-0.004012829392512696, 0.9999919452213856, 8.180840984924357e-05], [0.12478717114788915, 0.00041958405803384295, 0.9921834436563699]], [[0.9921754152912313, 0.004001990984404264, -0.12478753687575989], [-0.004023230175425773, 0.9999919034304962, 8.180714311645664e-05], [0.12478685391624347, 0.0004208819476709115, 0.9921834830049125]], [[0.9921753844371913, 0.004010496328840944, -0.12478750913370143], [-0.004031802528335133, 0.9999918689049337, 8.180703066089502e-05], [0.12478682256139761, 0.00042195167272492015, 0.9921834864940574]], [[0.9921753730112102, 0.004012511321831787, -0.12478753520541978], [-0.0040338333935516805, 0.9999918607147488, 8.180713663477582e-05], [0.12478684777613679, 0.0004222051002956985, 0.9921834832149927]], [[0.9921753599410235, 0.004014526853872239, -0.12478757430019112], [-0.004035864800999181, 0.9999918525182465, 8.180729562252403e-05], [0.12478688601329145, 0.0004224585957307899, 0.992183478298005]], [[0.9921753437950069, 0.0040167229782845934, -0.1247876320051835], [-0.004038078222028497, 0.9999918435826368, 8.180753041604485e-05], [0.1247869427833622, 0.00042273480455373605, 0.9921834710403887]], [[0.9921753216556676, 0.004019368085329981, -0.1247877228630794], [-0.004040744160130128, 0.9999918328136984, 8.180790032812465e-05], [0.12478703251456223, 0.00042306748258355125, 0.9921834596130908]], [[0.9921752829938317, 0.004023316103701819, -0.12478790303280665], [-0.004044723266791018, 0.9999918167270382, 8.18086344687185e-05], [0.12478721100133018, 0.00042356402974617316, 0.9921834369529202]], [[0.9921751370229259, 0.004034375204500358, -0.12478870658009517], [-0.004055869427415123, 0.9999917715811457, 8.181191516413217e-05], [0.12478800982631101, 0.0004249549517574624, 0.9921833358893731]], [[0.9921750060461612, 0.0040417931521615534, -0.12478950791272829], [-0.004063345750038453, 0.9999917412296911, 8.181519405361663e-05], [0.12478880798493645, 0.0004258879259624185, 0.9921832351037082]], [[0.9921748569045843, 0.0040487741229024345, -0.12479046740098024], [-0.0040703816408351485, 0.9999917126151238, 8.181912705749457e-05], [0.1247897644815123, 0.0004267659467705187, 0.9921831144255392]], [[0.9921746977248013, 0.004055146702262147, -0.12479152607291964], [-0.0040768043397145055, 0.9999916864510898, 8.182347376566658e-05], [0.12479082041865378, 0.00042756745469409076, 0.992182981271599]], [[0.9921742403523992, 0.00406986953115506, -0.1247946831512654], [-0.004091642906926768, 0.9999916258454938, 8.183647095410486e-05], [0.12479397116506673, 0.0004294192417266986, 0.9921825841848134]], [[0.9921740932231324, 0.004073871421488772, -0.12479572231523717], [-0.004095676242882345, 0.9999916093339002, 8.184075851831702e-05], [0.12479500860472768, 0.0004299225947189148, 0.9921824534800016]], [[0.9921739357823278, 0.00407787590991564, -0.12479684323713618], [-0.004099712191205654, 0.9999915927953003, 8.184538797113246e-05], [0.12479612779986506, 0.0004304262789249784, 0.9921823124905348]], [[0.9921737011006094, 0.0040834063411135536, -0.12479852818305849], [-0.004105286060033979, 0.9999915699277455, 8.185235506072228e-05], [0.12479781035887426, 0.0004311219039889304, 0.9921821005557505]], [[0.9921730078914961, 0.004097512284440103, -0.12480357688906918], [-0.004119502739478552, 0.9999915114609448, 8.187328242943911e-05], [0.12480285296581298, 0.00043289621598793733, 0.9921814655052507]], [[0.9921727166852332, 0.004102709644825197, -0.12480572117775693], [-0.0041247408797567015, 0.9999914898677795, 8.188219124781805e-05], [0.12480499500342353, 0.00043354998402158484, 0.9921811957784192]], [[0.9921724307789944, 0.004107495820106302, -0.12480783661243065], [-0.0041295645983279875, 0.9999914699586661, 8.189099090340665e-05], [0.1248071083633283, 0.0004341520401557255, 0.9921809296764766]], [[0.9921718626650831, 0.004116247941014385, -0.12481206447404646], [-0.004138385345631625, 0.999991433492163, 8.19086070203944e-05], [0.12481133242665289, 0.0004352530033723585, 0.9921803978372046]], [[0.9921711240640892, 0.004126447066927321, -0.12481759895019355], [-0.004148664400145842, 0.9999913908983857, 8.193172077765642e-05], [0.12481686246970973, 0.000436536041766539, 0.9921797016061097]], [[0.9921707907143229, 0.004130702507330571, -0.12482010795459637], [-0.004152953175293474, 0.9999913730954867, 8.194221739642017e-05], [0.12481936962236646, 0.0004370713890340868, 0.9921793859657451]], [[0.9921704694801526, 0.004134631045810289, -0.12482253128876378], [-0.004156912480121835, 0.9999913566438674, 8.195236567593549e-05], [0.12482179124596778, 0.0004375656209776212, 0.9921790810968363]], [[0.9921698560832123, 0.004141723403545314, -0.12482717174859086], [-0.004164060362840094, 0.999991326903346, 8.197182481341949e-05], [0.12482642861509038, 0.00043845790444639436, 0.9921784972844124]], [[0.9921692075663626, 0.004148722550901638, -0.1248320938621855], [-0.004171114281322418, 0.9999912975035743, 8.199250025268204e-05], [0.12483134767546954, 0.00043933849546451745, 0.9921778780132621]], [[0.9921686610533779, 0.004154282961304672, -0.12483625257236257], [-0.004176718186790309, 0.9999912741117039, 8.200999547068637e-05], [0.12483550395789404, 0.0004400380990812544, 0.9921773547696687]], [[0.9921680856769287, 0.004159848679353668, -0.1248406401090186], [-0.004182327425798074, 0.9999912506660407, 8.202847813568027e-05], [0.12483988906262293, 0.00044073839484992975, 0.9921768027162228]], [[0.9921675047864964, 0.0041652040519860765, -0.12484507807931007], [-0.004187724659661251, 0.9999912280767428, 8.204719786996248e-05], [0.12484432469118703, 0.0004414122485153606, 0.9921762442970077]], [[0.992165916247595, 0.004178724144165894, -0.12485725009298944], [-0.004201350367780179, 0.9999911709184723, 8.209865853827662e-05], [0.12485649078579558, 0.00044311356281754005, 0.992174712618052]], [[0.9921651866070055, 0.0041844722174092675, -0.1248628554736508], [-0.004207143314469612, 0.9999911465613288, 8.212241115681336e-05], [0.12486209364696535, 0.0004438369302322033, 0.9921740072076888]], [[0.9921644469101168, 0.004190049884390495, -0.12486854595611463], [-0.004212764507682615, 0.9999911228941715, 8.21465571306874e-05], [0.1248677816829896, 0.00044453888509938156, 0.9921732910547613]], [[0.9921630309732123, 0.004200119371714289, -0.12487945774625182], [-0.004222912531257568, 0.9999910800872541, 8.219294551240264e-05], [0.12487868905256752, 0.00044580622505976085, 0.9921719177022745]], [[0.9921619040829771, 0.004207642651307412, -0.12488815728261131], [-0.004230494451933281, 0.9999910480373903, 8.223000663978374e-05], [0.12488738528297995, 0.00044675317652644026, 0.9921708226956016]], [[0.9921607154876265, 0.004215175254435855, -0.1248973456096704], [-0.0042380857374699505, 0.9999910158901715, 8.226922037153574e-05], [0.12489657029738195, 0.00044770137052043324, 0.9921696660809184]], [[0.9921590607137489, 0.00422507016116061, -0.12491015581381228], [-0.0042480576819236395, 0.9999909735736064, 8.232400521046659e-05], [0.12490937614618285, 0.0004489470392620002, 0.992168053404772]], [[0.9921564191119508, 0.004239680116375206, -0.12493064126605535], [-0.00426278128348049, 0.9999909109107006, 8.241187079233591e-05], [0.12492985516027048, 0.00045078653269518246, 0.9921654741427072]], [[0.9921538197873919, 0.004252901661248012, -0.12495083316422241], [-0.004276105570090494, 0.9999908540157293, 8.249876237942109e-05], [0.12495004122499112, 0.0004524514914491721, 0.9921629314206453]], [[0.992149986666823, 0.0042707558317235375, -0.1249806569087188], [-0.00429409832254198, 0.9999907769036073, 8.26275755595923e-05], [0.12497985708227297, 0.00045470028118283114, 0.9921591750173134]], [[0.9921464538655406, 0.004285833227515803, -0.12500818259324004], [-0.004309292604567925, 0.9999907115319596, 8.274692250237337e-05], [0.12500737609824106, 0.00045659977102117873, 0.9921557072543448]], [[0.992142635961902, 0.004300943029806441, -0.12503796141696072], [-0.004324519413136193, 0.9999906457879152, 8.287649555228326e-05], [0.12503714823243672, 0.0004585037867607634, 0.9921519547608946]], [[0.9921364824073095, 0.004323247752590248, -0.12508600962940042], [-0.004346996618660377, 0.9999905483138497, 8.308648076131075e-05], [0.1250851865591367, 0.0004613153321332641, 0.9921458981880222]], [[0.9921303698910019, 0.004343440159007747, -0.12513378307721346], [-0.004367344929605671, 0.9999904596344871, 8.329629529988144e-05], [0.12513295104765884, 0.000463861608768894, 0.9921398739059928]], [[0.9921280308117426, 0.004350743178764324, -0.12515207353892535], [-0.004374704279231285, 0.9999904274595658, 8.33768779392271e-05], [0.1251512382670238, 0.0004647827739310005, 0.9921375668408544]], [[0.9921257547302094, 0.004357652142908078, -0.1251698752436068], [-0.004381666506509981, 0.9999903969707987, 8.345543587929138e-05], [0.12516903690339853, 0.00046565436266153613, 0.9921353210960576]], [[0.9921218908064702, 0.0043689756911315615, -0.12520010316965016], [-0.0043930772942339155, 0.9999903468957824, 8.358911112707162e-05], [0.1251992597988006, 0.0004670831434787838, 0.9921315069983699]], [[0.992114110710257, 0.004390435213593852, -0.12526098917028147], [-0.0044147019553764525, 0.999990251639609, 8.38593851681104e-05], [0.12526013626021357, 0.0004697918544723349, 0.9921238216872797]], [[0.9921063096664784, 0.004410455024873493, -0.12532205793922083], [-0.00443487560608345, 0.9999901623517132, 8.413175747030875e-05], [0.12532119612422454, 0.0004723200902198783, 0.9921161094929429]], [[0.9921028747566866, 0.004418867454926491, -0.1253489509713594], [-0.004443352618447859, 0.9999901247107861, 8.425208929272985e-05], [0.12534808541303108, 0.00047338284951738233, 0.9921127120401454]], [[0.9920996394282143, 0.004426590710155028, -0.12537428261321376], [-0.004451135133627552, 0.9999900900901271, 8.436564260877004e-05], [0.1253734136175423, 0.00047435875057141023, 0.9921095111636354]], [[0.9920946331303155, 0.004438190257960738, -0.12541348165546143], [-0.004462823628084983, 0.999990037979358, 8.4541744993615e-05], [0.1254126074961172, 0.0004758248377194341, 0.9921045567234513]], [[0.99208983908783, 0.00444893308396413, -0.12545101901851574], [-0.0044736487727135635, 0.9999899895952645, 8.471080878391361e-05], [0.12545014007576047, 0.0004771830646030921, 0.9920998108310384]], [[0.9920848160224095, 0.004459842260536625, -0.12549034873040646], [-0.004484641486268944, 0.999989940341753, 8.488837843867283e-05], [0.12548946492916235, 0.0004785627527276432, 0.9920948367818327]], [[0.9920796331128721, 0.004470760127399327, -0.1255309279269394], [-0.004495642901194954, 0.9999898909277297, 8.507204010871343e-05], [0.12553003926240153, 0.0004799439866666216, 0.9920897030491934]], [[0.9920743259724262, 0.004481615007188096, -0.125572476574167], [-0.004506580793445185, 0.9999898416784996, 8.526054987565104e-05], [0.12557158307353802, 0.0004813177085552391, 0.9920844449225863]], [[0.9920688618072975, 0.004492477464727402, -0.12561525018200742], [-0.004517526269350097, 0.9999897922748178, 8.545509016734111e-05], [0.1256143518411215, 0.000482692858480927, 0.9920790299259563]], [[0.9920632905468958, 0.0045032528097911, -0.12565885668381108], [-0.004528383917040942, 0.9999897431486532, 8.565389880645683e-05], [0.12565795354075793, 0.00048405745693329673, 0.992073507558797]], [[0.9920579612950161, 0.004513299416690025, -0.12570056308242059], [-0.004538507216929514, 0.9999896972384095, 8.58444864929749e-05], [0.12569965546135797, 0.00048533020645371016, 0.9920682240003325]], [[0.9920518365203568, 0.0045245560071838, -0.1257484872641067], [-0.004549849688807058, 0.9999896456767918, 8.606400783597262e-05], [0.1257475746250501, 0.00048675675860525465, 0.9920621505447441]], [[0.9920461611783028, 0.004534731205505021, -0.1257928865396321], [-0.0045601024756373705, 0.9999895989575425, 8.626786723282499e-05], [0.12579196936406775, 0.0004880467467962636, 0.9920565217030578]], [[0.9920386809514147, 0.004547797774107497, -0.1258513926473167], [-0.004573268623292171, 0.9999895388079886, 8.653719122802688e-05], [0.12585046964537877, 0.0004897039841431848, 0.9920491013451566]], [[0.9920315953551547, 0.004559843168980508, -0.12590679746172082], [-0.004585405760600655, 0.999989483205196, 8.679294703554575e-05], [0.12590586908799395, 0.0004912324086571877, 0.9920420710935625]], [[0.9920228431321118, 0.0045743158735269684, -0.12597521318916963], [-0.004599988629324023, 0.9999894162022478, 8.710968749348838e-05], [0.1259742783602175, 0.0004930697483858915, 0.9920333855639804]], [[0.9920141028936234, 0.004588360916820287, -0.1260435107569711], [-0.004614140516689921, 0.9999893509752162, 8.742687261755225e-05], [0.1260425696625464, 0.0004948537792317683, 0.9920247102528679]], [[0.9920058894214292, 0.004601220952403315, -0.12610766875425256], [-0.004627098328979869, 0.9999892910752862, 8.772571169591239e-05], [0.12610672192210454, 0.0004964881606990001, 0.9920165564068245]], [[0.9919977701245395, 0.004613637739275973, -0.1261710680561833], [-0.0046396094774937245, 0.9999892330800634, 8.802183300638179e-05], [0.12617011568324565, 0.0004980670210650518, 0.9920084948413527]], [[0.9919902602677105, 0.004624880391364285, -0.12622968753447628], [-0.004650937532496193, 0.9999891804333815, 8.829633526022287e-05], [0.12622873014395214, 0.0004994972868645729, 0.9920010373928008]], [[0.9919754488217769, 0.004646433263578498, -0.1263452396904897], [-0.004672654039662454, 0.9999890791462628, 8.883937694981198e-05], [0.12634427267884263, 0.0005022411137997358, 0.9919863267781492]], [[0.991961071103602, 0.0046666474646129205, -0.12645732804437046], [-0.004693021617785937, 0.9999889837200017, 8.936852453366245e-05], [0.12645635200643512, 0.0005048168769110039, 0.9919720440601301]], [[0.9919460030164557, 0.00468717061349025, -0.12657471126178182], [-0.0047137004068714, 0.9999888864092189, 8.99251048240679e-05], [0.12657372605654618, 0.0005074344196639078, 0.99195707285253]], [[0.9919312448688787, 0.004706686413326729, -0.12668959134660215], [-0.004733364142999989, 0.9999887934765459, 9.047215976313096e-05], [0.1266885974208103, 0.0005099258069021975, 0.9919424072288202]], [[0.99191406997246, 0.004728747973900599, -0.1268231711200872], [-0.0047555928754187855, 0.9999886879536046, 9.111109421618604e-05], [0.12682216733189347, 0.0005127449927237717, 0.9919253373946554]], [[0.9918961797114758, 0.004751065352563999, -0.12696218354880776], [-0.0047780793124003315, 0.9999885807021349, 9.177915877622859e-05], [0.12696116977859737, 0.0005155999856951478, 0.9919075539206222]], [[0.9918794971314321, 0.004771331531207798, -0.1270916896000777], [-0.004798498979157233, 0.9999884828681694, 9.240434803873737e-05], [0.1270906667601132, 0.0005181953645306109, 0.9918909687539862]], [[0.9918638735555387, 0.004789881533199288, -0.12721286636966353], [-0.0048171894554000765, 0.999988392951783, 9.299172531995449e-05], [0.1272118352231374, 0.0005205733455733912, 0.991875434710549]], [[0.9918490237912139, 0.004807161698824071, -0.12732794351792176], [-0.0048346004734182565, 0.9999883088748354, 9.35516382552098e-05], [0.1273269046288492, 0.0005227906349243116, 0.9918606686663582]], [[0.9918411545214587, 0.004816189936751212, -0.1273888869239329], [-0.004843697077118455, 0.9999882648266399, 9.384897766132623e-05], [0.1273878439877623, 0.0005239499008872518, 0.9918528432586853]], [[0.9918405773737734, 0.004816848717819569, -0.12739335556839346], [-0.004844360846814271, 0.9999882616092342, 9.38708019721537e-05], [0.12739231233685674, 0.0005240345134239072, 0.9918522693148334]], [[0.9918400544202718, 0.004817445248375612, -0.1273974044812405], [-0.004844961894612552, 0.9999882586954703, 9.389057895789368e-05], [0.12739636098224147, 0.0005241111332316978, 0.9918517492628068]], [[0.9918360013358047, 0.004822056095606091, -0.12742878100687477], [-0.004849607657870983, 0.9999882361614587, 9.40439215461215e-05], [0.12742773544033442, 0.0005247034450985544, 0.9918477186173945]], [[0.991794413433784, 0.004868187234239994, -0.1277503120711421], [-0.004896088183270333, 0.9999880095164212, 9.562367616478221e-05], [0.12774924579708238, 0.0005306377655190795, 0.9918063564131487]], [[0.9917048962699723, 0.0049615893925191714, -0.12843979657625257], [-0.004990198477498409, 0.9999875439754969, 9.90606313800